Points_0,Points_1,Points_2,Points_Magnitude,absOmega,f,fs,l,l2,omega,u.x_0,u.x_1,u.x_2,u.x_Magnitude,vtkGhostType,Point ID,vtkValidPointMask
16.4485,-0.307882,0,16.4514,14.4169,0.5,0,12,-15.778,14.4169,1.28026,-0.229841,0.00155504,1.30073,0,0,1
16.4521,-0.312808,0,16.4551,11.888,0.5,0,12,-2.38291,11.888,1.28264,-0.209849,0.000351037,1.2997,0,1,1
16.4484,-0.307841,0,16.4513,14.402,0.5,0,12,-15.6216,14.402,1.28024,-0.230009,0.00154767,1.30074,0,2,1
16.445,-0.302956,0,16.4478,11.9155,0.5,0,12,7.46301,11.9155,1.28058,-0.240058,9.9197e-06,1.30289,0,3,1
16.4533,-0.314359,0,16.4563,11.0845,0.5,0,12,5.58374,11.0845,1.27758,-0.202265,-0.000259604,1.2935,0,4,1
16.456,-0.317734,0,16.459,8.21748,0.5,0,12,27.0525,8.21748,1.26379,-0.189058,-0.00141144,1.27785,0,5,1
16.4582,-0.320596,0,16.4613,8.77795,0.5,0,12,23.1735,8.77795,1.24816,-0.17955,-0.00102426,1.26101,0,6,1
16.4599,-0.32266,0,16.4631,9.74888,0.5,0,12,14.0155,9.74888,1.23752,-0.170823,-0.000417147,1.24925,0,7,1
16.4631,-0.326686,0,16.4664,12.7332,0.5,0,12,-4.53991,12.7332,1.23062,-0.149362,0.000697021,1.23965,0,8,1
16.4436,-0.301064,0,16.4463,11.8194,0.5,0,12,10.8037,11.8194,1.28613,-0.241909,-0.000356405,1.30868,0,9,1
16.4414,-0.29803,0,16.4441,12.4692,0.5,0,12,4.99953,12.4692,1.29562,-0.246542,-0.000630989,1.31887,0,10,1
16.4639,-0.327586,0,16.4671,12.9248,0.5,0,12,-6.83744,12.9248,1.22972,-0.142809,0.000965676,1.23798,0,11,1
16.4678,-0.332512,0,16.4712,10.714,0.5,0,12,14.5874,10.714,1.22164,-0.10665,0.00150659,1.22629,0,12,1
16.4387,-0.294163,0,16.4413,16.0741,0.5,0,12,-24.0016,16.0741,1.29617,-0.256852,-0.000356168,1.32138,0,13,1
16.4379,-0.293103,0,16.4405,16.4477,0.5,0,12,-27.8999,16.4477,1.29596,-0.260815,-0.000319103,1.32195,0,14,1
16.468,-0.332687,0,16.4714,10.6465,0.5,0,12,15.457,10.6465,1.22075,-0.105413,0.00150689,1.22529,0,15,1
16.4347,-0.288177,0,16.4373,14.5811,0.5,0,12,2.49399,14.5811,1.29004,-0.273338,-0.000195539,1.31868,0,16,1
16.4338,-0.286831,0,16.4363,14.3869,0.5,0,12,7.889,14.3869,1.29379,-0.275064,-0.000182599,1.32271,0,17,1
16.4314,-0.283251,0,16.4338,14.3255,0.5,0,12,6.26195,14.3255,1.30548,-0.279566,-7.47241e-05,1.33508,0,18,1
16.472,-0.337438,0,16.4755,6.19417,0.5,0,12,37.0026,6.19417,1.18964,-0.0818721,0.00143838,1.19245,0,19,1
16.4729,-0.338446,0,16.4764,6.48565,0.5,0,12,34.046,6.48565,1.18296,-0.0783061,0.00148405,1.18555,0,20,1
16.4289,-0.279394,0,16.4313,18.1607,0.5,0,12,-28.6692,18.1607,1.30538,-0.28701,3.51965e-05,1.33656,0,21,1
16.4281,-0.278325,0,16.4305,18.5931,0.5,0,12,-34.4052,18.5931,1.305,-0.290733,6.75136e-05,1.33699,0,22,1
16.4763,-0.342365,0,16.4799,9.10766,0.5,0,12,10.6478,9.10766,1.15691,-0.0692567,0.00135525,1.15898,0,23,1
16.4778,-0.343994,0,16.4814,10.7455,0.5,0,12,-3.79931,10.7455,1.15587,-0.064569,0.0013403,1.15768,0,24,1
16.4253,-0.273399,0,16.4275,17.2246,0.5,0,12,-7.02755,17.2246,1.29768,-0.302289,0.00011848,1.33243,0,25,1
16.424,-0.271476,0,16.4262,17.5859,0.5,0,12,-5.35458,17.5859,1.30057,-0.304922,0.000122214,1.33583,0,26,1
16.4221,-0.268473,0,16.4243,17.708,0.5,0,12,-12.639,17.708,1.3055,-0.309776,9.18732e-05,1.34175,0,27,1
16.4807,-0.347291,0,16.4844,13.924,0.5,0,12,-26.7143,13.924,1.15804,-0.0518303,0.00120735,1.1592,0,28,1
16.4827,-0.349411,0,16.4864,13.1416,0.5,0,12,-24.3537,13.1416,1.16694,-0.0445956,0.00141216,1.16779,0,29,1
16.4193,-0.263547,0,16.4214,19.316,0.5,0,12,-19.3707,19.316,1.29588,-0.31832,8.78895e-05,1.33441,0,30,1
16.4191,-0.263221,0,16.4212,19.2923,0.5,0,12,-17.9939,19.2923,1.29611,-0.318917,9.00131e-05,1.33477,0,31,1
16.4164,-0.258621,0,16.4185,17.6143,0.5,0,12,-5.13469,17.6143,1.3024,-0.324681,8.09109e-05,1.34226,0,32,1
16.4852,-0.352217,0,16.489,11.1339,0.5,0,12,-11.0034,11.1339,1.18061,-0.0428103,0.00185427,1.18139,0,33,1
16.4876,-0.354721,0,16.4914,6.34989,0.5,0,12,4.32449,5.76695,1.18138,-0.0419545,0.00194008,1.18212,0,34,1
16.4142,-0.254671,0,16.4162,19.8813,0.5,0,12,-22.2613,19.8813,1.29997,-0.328853,7.98612e-05,1.34092,0,35,1
16.4136,-0.253695,0,16.4156,19.8913,0.5,0,12,-24.3837,19.8913,1.29941,-0.331076,7.75339e-05,1.34092,0,36,1
16.4898,-0.357143,0,16.4937,2.83291,0.5,0,12,12.9745,1.80623,1.18075,-0.0531639,0.00203122,1.18195,0,37,1
16.4925,-0.359883,0,16.4964,2.73428,0.5,0,12,10.9731,-0.822055,1.15821,-0.0607838,0.00214292,1.1598,0,38,1
16.4111,-0.248768,0,16.4129,18.8985,0.5,0,12,-13.6021,18.8985,1.29789,-0.337724,0.000126549,1.34111,0,39,1
16.4093,-0.24561,0,16.4112,20.1399,0.5,0,12,-20.2325,20.1399,1.29667,-0.340862,0.000155709,1.34072,0,40,1
16.4083,-0.243842,0,16.4101,19.9811,0.5,0,12,-22.4817,19.9811,1.29612,-0.344052,0.000164949,1.34101,0,41,1
16.4946,-0.362069,0,16.4985,3.18685,0.5,0,12,12.2165,-0.656226,1.14255,-0.0641445,0.00224081,1.14435,0,42,1
16.4973,-0.364887,0,16.5014,3.23534,0.5,0,12,14.3544,2.33595,1.1235,-0.0578531,0.00254068,1.12499,0,43,1
16.406,-0.238916,0,16.4077,19.5237,0.5,0,12,-16.1221,19.5237,1.29201,-0.348757,0.000114512,1.33826,0,44,1
16.4044,-0.236017,0,16.4061,20.2478,0.5,0,12,-17.5549,20.2478,1.29002,-0.350913,7.73411e-05,1.33689,0,45,1
16.4033,-0.23399,0,16.405,19.8438,0.5,0,12,-18.0593,19.8438,1.28907,-0.353895,7.00845e-05,1.33677,0,46,1
16.406,0.238916,0,16.4077,19.5353,0.5,0,12,-16.1469,-19.5353,1.29206,0.348809,6.18225e-05,1.33832,0,47,1
16.4044,0.236033,0,16.4061,20.3036,0.5,0,12,-18.2145,-20.3036,1.29003,0.351011,9.17898e-05,1.33693,0,48,1
16.4083,0.243842,0,16.4101,19.9402,0.5,0,12,-21.7824,-19.9402,1.29605,0.344185,4.92502e-05,1.34098,0,49,1
16.4093,0.245625,0,16.4112,20.1127,0.5,0,12,-19.6206,-20.1127,1.29655,0.341039,4.73214e-05,1.34065,0,50,1
16.4033,0.23399,0,16.405,19.9206,0.5,0,12,-19.0223,-19.9206,1.28902,0.354075,0.000109205,1.33677,0,51,1
16.4994,-0.366995,0,16.5035,5.04597,0.5,0,12,9.52452,4.76381,1.10976,-0.0430764,0.00280427,1.11059,0,52,1
16.5022,-0.369786,0,16.5064,8.54712,0.5,0,12,-3.17471,8.54712,1.10437,-0.0217318,0.00308045,1.10458,0,53,1
16.4111,0.248768,0,16.4129,18.9313,0.5,0,12,-13.5753,-18.9313,1.29762,0.338008,6.67938e-05,1.34092,0,54,1
16.4136,0.253695,0,16.4156,20.0462,0.5,0,12,-26.1021,-20.0462,1.29952,0.331406,5.38057e-05,1.34111,0,55,1
16.4011,-0.229064,0,16.4027,19.5613,0.5,0,12,-14.8604,19.5613,1.28566,-0.356301,4.4023e-05,1.33412,0,56,1
16.3995,-0.22583,0,16.4011,20.3415,0.5,0,12,-14.5409,20.3415,1.28211,-0.357606,4.32813e-05,1.33104,0,57,1
16.3987,-0.224138,0,16.4002,19.9012,0.5,0,12,-13.5337,19.9012,1.281,-0.35969,4.0385e-05,1.33054,0,58,1
16.4011,0.229064,0,16.4027,19.6411,0.5,0,12,-15.3813,-19.6411,1.28516,0.356567,7.15292e-05,1.33371,0,59,1
16.3995,0.225849,0,16.4011,20.3543,0.5,0,12,-14.5328,-20.3543,1.28147,0.357859,4.15705e-05,1.3305,0,60,1
16.3986,0.224138,0,16.4002,19.8829,0.5,0,12,-13.3139,-19.8829,1.2803,0.359906,1.98955e-05,1.32993,0,61,1
16.5044,-0.371921,0,16.5086,9.44415,0.5,0,12,-14.2492,9.44415,1.10628,0.00130065,0.00320801,1.10629,0,62,1
16.5071,-0.374578,0,16.5114,7.11837,0.5,0,12,-8.08955,6.86779,1.10974,0.0276779,0.00329807,1.11009,0,63,1
16.4142,0.254686,0,16.4162,20.0514,0.5,0,12,-24.1902,-20.0514,1.3002,0.329135,5.26794e-05,1.34121,0,64,1
16.3965,-0.219212,0,16.398,19.2512,0.5,0,12,-8.62887,19.2512,1.27902,-0.361089,5.27111e-05,1.32902,0,65,1
16.3946,-0.214926,0,16.3961,20.619,0.5,0,12,-10.9498,20.619,1.27402,-0.361086,6.07792e-05,1.3242,0,66,1
16.3943,-0.214286,0,16.3957,20.4843,0.5,0,12,-10.7804,20.4843,1.27364,-0.361778,6.03496e-05,1.32403,0,67,1
16.3965,0.219212,0,16.398,19.1618,0.5,0,12,-8.02464,-19.1618,1.27847,0.361072,-3.92516e-06,1.32848,0,68,1
16.3946,0.214948,0,16.3961,20.4722,0.5,0,12,-10.068,-20.4722,1.27386,0.360879,-1.20252e-05,1.32399,0,69,1
16.3943,0.214286,0,16.3957,20.3301,0.5,0,12,-9.89978,-20.3301,1.27352,0.361574,-1.54853e-05,1.32385,0,70,1
16.5095,-0.376847,0,16.5138,3.74052,0.5,0,12,2.3593,2.82158,1.11173,0.0355361,0.00318473,1.1123,0,71,1
16.512,-0.379226,0,16.5164,3.35342,0.5,0,12,7.30734,-1.29892,1.10054,0.0387956,0.00261558,1.10122,0,72,1
16.4164,0.258621,0,16.4185,17.836,0.5,0,12,-7.90528,-17.836,1.30319,0.324633,5.41296e-05,1.34301,0,73,1
16.4191,0.263235,0,16.4212,19.42,0.5,0,12,-20.1066,-19.42,1.29766,0.318142,0.000110753,1.33609,0,74,1
16.3903,-0.204434,0,16.3916,19.9644,0.5,0,12,-7.51747,19.9644,1.2675,-0.362184,2.98266e-05,1.31823,0,75,1
16.3922,-0.20936,0,16.3935,18.8105,0.5,0,12,-0.537884,18.8105,1.26976,-0.364807,4.71417e-05,1.32112,0,76,1
16.3898,-0.203217,0,16.391,20.1208,0.5,0,12,-7.43316,20.1208,1.26536,-0.362996,2.73016e-05,1.3164,0,77,1
16.3881,-0.199507,0,16.3893,18.7919,0.5,0,12,-6.15374,18.7919,1.2604,-0.366443,3.12218e-05,1.31259,0,78,1
16.3903,0.204434,0,16.3916,19.9641,0.5,0,12,-8.49747,-19.9641,1.26796,0.36217,-1.34744e-06,1.31867,0,79,1
16.3898,0.203233,0,16.391,20.1513,0.5,0,12,-8.34251,-20.1513,1.26576,0.363002,4.79522e-07,1.31678,0,80,1
16.3922,0.20936,0,16.3935,18.7207,0.5,0,12,-0.651102,-18.7207,1.27015,0.364542,-1.29973e-05,1.32143,0,81,1
16.3881,0.199507,0,16.3893,18.8716,0.5,0,12,-6.67001,-18.8716,1.26061,0.366639,1.6504e-05,1.31284,0,82,1
16.5147,-0.381773,0,16.5192,3.32992,0.5,0,12,10.0183,-2.81019,1.08982,0.0324169,0.00224647,1.09031,0,83,1
16.5169,-0.383766,0,16.5214,3.53602,0.5,0,12,9.265,-2.98246,1.07749,0.0300873,0.00194225,1.07791,0,84,1
16.4193,0.263547,0,16.4214,19.4161,0.5,0,12,-21.2635,-19.4161,1.29749,0.317547,0.000108427,1.33578,0,85,1
16.4221,0.268473,0,16.4243,17.2019,0.5,0,12,-10.5648,-17.2019,1.30674,0.308812,9.52887e-05,1.34273,0,86,1
16.3864,-0.194581,0,16.3876,18.5239,0.5,0,12,-7.02217,18.5239,1.25917,-0.363967,5.05091e-05,1.31072,0,87,1
16.3849,-0.190569,0,16.386,19.8057,0.5,0,12,-10.3999,19.8057,1.25175,-0.363197,6.28841e-05,1.30338,0,88,1
16.3845,-0.189655,0,16.3856,19.6319,0.5,0,12,-10.2861,19.6319,1.25075,-0.363937,6.36343e-05,1.30262,0,89,1
16.3864,0.194581,0,16.3876,18.6592,0.5,0,12,-7.47249,-18.6592,1.25908,0.36413,3.62439e-05,1.31068,0,90,1
16.3849,0.190577,0,16.386,19.8836,0.5,0,12,-10.9895,-19.8836,1.25149,0.36349,3.79344e-05,1.30321,0,91,1
16.3845,0.189655,0,16.3856,19.6997,0.5,0,12,-10.8727,-19.6997,1.25043,0.364226,4.08452e-05,1.30239,0,92,1
16.5201,-0.386699,0,16.5246,4.53834,0.5,0,12,12.9557,-0.589537,1.06092,0.0345864,0.00180192,1.06149,0,93,1
16.5218,-0.388229,0,16.5264,3.61602,0.5,0,12,17.029,0.851519,1.05397,0.0382764,0.00188936,1.05467,0,94,1
16.424,0.271487,0,16.4262,16.8708,0.5,0,12,-1.17287,-16.8708,1.30075,0.304041,0.000105487,1.33581,0,95,1
16.3811,-0.179803,0,16.3821,17.9098,0.5,0,12,-7.87256,17.9098,1.24539,-0.360214,4.57512e-05,1.29643,0,96,1
16.3826,-0.184729,0,16.3837,17.21,0.5,0,12,2.1242,17.21,1.2451,-0.364768,5.52988e-05,1.29743,0,97,1
16.38,-0.176657,0,16.3809,18.7584,0.5,0,12,-9.55902,18.7584,1.2375,-0.35941,4.32087e-05,1.28863,0,98,1
16.3793,-0.174877,0,16.3802,18.4074,0.5,0,12,-8.8154,18.4074,1.23425,-0.360276,3.9815e-05,1.28576,0,99,1
16.3811,0.179803,0,16.3821,17.8751,0.5,0,12,-7.46405,-17.8751,1.24516,0.360269,1.01351e-05,1.29623,0,100,1
16.38,0.176667,0,16.3809,18.722,0.5,0,12,-9.39744,-18.722,1.23733,0.359459,-1.20473e-05,1.28849,0,101,1
16.3826,0.184729,0,16.3837,17.1974,0.5,0,12,2.35077,-17.1974,1.24473,0.364926,4.0339e-05,1.29713,0,102,1
16.3793,0.174877,0,16.3802,18.3769,0.5,0,12,-8.80414,-18.3769,1.2341,0.360321,-2.23094e-05,1.28562,0,103,1
16.5256,-0.391626,0,16.5302,3.60273,0.5,0,12,27.1421,3.00956,1.03969,0.0640396,0.00169284,1.04166,0,104,1
16.5267,-0.392596,0,16.5313,3.54861,0.5,0,12,31.0458,3.43715,1.03447,0.0711157,0.0016774,1.03691,0,105,1
16.4252,0.273399,0,16.4275,16.5144,0.5,0,12,-1.35792,-16.5144,1.29761,0.302203,4.48792e-05,1.33233,0,106,1
16.4281,0.278325,0,16.4305,18.2441,0.5,0,12,-26.2196,-18.2441,1.30204,0.29151,0.000126273,1.33427,0,107,1
16.3764,-0.165025,0,16.3772,16.0326,0.5,0,12,0.593412,16.0326,1.2315,-0.352961,-3.18687e-06,1.28108,0,108,1
16.3777,-0.169951,0,16.3786,15.5673,0.5,0,12,6.25498,15.5673,1.22972,-0.35829,2.47735e-05,1.28085,0,109,1
16.3751,-0.161158,0,16.3759,17.5086,0.5,0,12,-7.33472,17.5086,1.22325,-0.350665,-3.37086e-05,1.27252,0,110,1
16.3747,-0.160099,0,16.3755,17.4828,0.5,0,12,-8.72337,17.4828,1.22167,-0.350795,-4.29343e-05,1.27104,0,111,1
16.3764,0.165025,0,16.3772,16.0067,0.5,0,12,0.48964,-16.0067,1.23126,0.352982,-5.55695e-06,1.28086,0,112,1
16.3751,0.161177,0,16.3759,17.4327,0.5,0,12,-7.29304,-17.4327,1.22308,0.350728,-3.48386e-05,1.27237,0,113,1
16.3777,0.169951,0,16.3785,15.553,0.5,0,12,6.12357,-15.553,1.22955,0.358315,-1.67472e-05,1.28069,0,114,1
16.3747,0.160099,0,16.3755,17.3988,0.5,0,12,-8.68948,-17.3988,1.22146,0.350875,-5.16715e-05,1.27086,0,115,1
16.5313,-0.396552,0,16.536,1.56664,0.5,0,12,42.4888,1.53031,1.00826,0.106905,0.00143429,1.01391,0,116,1
16.5316,-0.396811,0,16.5363,1.56301,0.5,0,12,42.4282,1.53887,1.00625,0.108715,0.00141659,1.01211,0,117,1
16.4289,0.279411,0,16.4313,17.9408,0.5,0,12,-22.1722,-17.9408,1.30234,0.28811,0.00012492,1.33383,0,118,1
16.3708,-0.14532,0,16.3714,15.7164,0.5,0,12,-9.50052,15.7164,1.21236,-0.336395,0.000409189,1.25817,0,119,1
16.372,-0.150246,0,16.3727,13.1927,0.5,0,12,4.33327,13.1927,1.2167,-0.342087,2.80207e-05,1.26388,0,120,1
16.3702,-0.143498,0,16.3708,15.7,0.5,0,12,-7.94279,15.7,1.20652,-0.335454,0.000465194,1.25229,0,121,1
16.3692,-0.140394,0,16.3698,14.7726,0.5,0,12,-3.60515,14.7726,1.19794,-0.334152,0.000519016,1.24367,0,122,1
16.3732,-0.155172,0,16.3739,14.4075,0.5,0,12,1.42725,14.4075,1.21292,-0.348625,-9.54319e-05,1.26202,0,123,1
16.3708,0.14532,0,16.3714,15.5307,0.5,0,12,-10.5016,-15.5307,1.21249,0.337327,-0.00043827,1.25854,0,124,1
16.3702,0.14352,0,16.3708,15.4994,0.5,0,12,-8.94708,-15.4994,1.20661,0.336333,-0.000444772,1.25261,0,125,1
16.372,0.150246,0,16.3727,13.0572,0.5,0,12,4.00864,-13.0572,1.21683,0.342707,-0.000282563,1.26417,0,126,1
16.3732,0.155172,0,16.3739,14.2956,0.5,0,12,1.48824,-14.2956,1.21292,0.348926,-0.000149215,1.26211,0,127,1
16.3692,0.140394,0,16.3698,14.5578,0.5,0,12,-4.42518,-14.5578,1.19805,0.334939,-0.000501755,1.24399,0,128,1
16.5372,-0.401478,0,16.5421,1.51433,0.5,0,12,33.126,-1.17941,0.96399,0.133785,0.000950389,0.97323,0,129,1
16.5414,-0.404852,0,16.5463,1.25819,0.5,0,12,25.1966,0.00820086,0.936063,0.138489,0.00071683,0.946252,0,130,1
16.5365,-0.400845,0,16.5413,1.6607,0.5,0,12,33.833,-0.896549,0.969822,0.132508,0.000999884,0.978833,0,131,1
16.4314,0.283251,0,16.4338,14.902,0.5,0,12,2.07193,-14.902,1.30258,0.280882,0.000163437,1.33252,0,132,1
16.4338,0.286857,0,16.4363,15.2174,0.5,0,12,0.176376,-15.2174,1.29326,0.275791,0.000180264,1.32234,0,133,1
16.366,-0.125616,0,16.3665,13.1193,0.5,0,12,-3.03484,13.1193,1.19126,-0.313042,-0.000158137,1.23171,0,134,1
16.3671,-0.130542,0,16.3676,10.6729,0.5,0,12,6.92118,10.6729,1.19862,-0.320892,0.000223397,1.24083,0,135,1
16.3653,-0.122814,0,16.3658,13.0474,0.5,0,12,-1.49273,13.0474,1.182,-0.308643,-0.000233528,1.22163,0,136,1
16.3647,-0.12069,0,16.3652,12.5459,0.5,0,12,0.352554,12.5459,1.176,-0.306054,-0.000196679,1.21518,0,137,1
16.368,-0.135468,0,16.3686,11.0717,0.5,0,12,10.1593,11.0717,1.19445,-0.328569,0.000469872,1.23882,0,138,1
16.366,0.125616,0,16.3665,13.2737,0.5,0,12,-5.19715,-13.2737,1.19188,0.313781,-0.000911147,1.23249,0,139,1
16.3653,0.122838,0,16.3658,13.1489,0.5,0,12,-3.56907,-13.1489,1.18239,0.310222,-0.000701471,1.22241,0,140,1
16.3671,0.130542,0,16.3676,10.7021,0.5,0,12,6.55618,-10.7021,1.19913,0.320945,-0.000780232,1.24134,0,141,1
16.368,0.135468,0,16.3686,10.9514,0.5,0,12,10.054,-10.9514,1.19458,0.328836,-0.000631176,1.23902,0,142,1
16.3647,0.12069,0,16.3652,12.5692,0.5,0,12,-1.36642,-12.5692,1.17609,0.307993,-0.000647108,1.21575,0,143,1
16.5432,-0.406404,0,16.5482,2.23136,0.5,0,12,24.7721,1.53649,0.924568,0.142859,0.000608326,0.93554,0,144,1
16.5462,-0.408848,0,16.5513,4.37027,0.5,0,12,25.4852,4.21361,0.914483,0.15296,0.000285555,0.927187,0,145,1
16.4347,0.288177,0,16.4372,15.3847,0.5,0,12,-5.20992,-15.3847,1.29057,0.273619,0.000173048,1.31926,0,146,1
16.4379,0.293103,0,16.4405,16.5768,0.5,0,12,-28.264,-16.5768,1.29742,0.259765,0.000121435,1.32317,0,147,1
16.3612,-0.100985,0,16.3615,11.1237,0.5,0,12,-0.85448,11.1237,1.16794,-0.27538,-0.00305812,1.19997,0,148,1
16.362,-0.105911,0,16.3624,9.15097,0.5,0,12,3.2858,9.15097,1.1812,-0.28251,-0.00194562,1.21452,0,149,1
16.3604,-0.0970223,0,16.3607,9.51218,0.5,0,12,4.3076,9.51218,1.15601,-0.268239,-0.00321811,1.18672,0,150,1
16.3602,-0.0960591,0,16.3605,9.02558,0.5,0,12,5.62774,9.02558,1.15358,-0.26623,-0.00319527,1.1839,0,151,1
16.3628,-0.110837,0,16.3631,6.94372,0.5,0,12,10.3801,6.94372,1.17872,-0.289588,-0.000606668,1.21377,0,152,1
16.3636,-0.115764,0,16.364,8.6448,0.5,0,12,9.86192,8.6448,1.17154,-0.298004,-0.000105832,1.20885,0,153,1
16.3612,0.100985,0,16.3615,11.061,0.5,0,12,-1.0134,-11.061,1.16684,0.278021,-0.000798418,1.1995,0,154,1
16.3604,0.0970466,0,16.3607,9.537,0.5,0,12,3.67339,-9.537,1.15433,0.27035,-0.00160613,1.18556,0,155,1
16.362,0.105911,0,16.3624,9.0535,0.5,0,12,3.88495,-9.0535,1.18092,0.285212,-0.000268179,1.21487,0,156,1
16.3628,0.110837,0,16.3631,6.81857,0.5,0,12,10.8693,-6.81857,1.17884,0.292185,1.05575e-05,1.21451,0,157,1
16.3602,0.0960591,0,16.3605,9.06213,0.5,0,12,4.88905,-9.06213,1.15169,0.268221,-0.00174951,1.18252,0,158,1
16.3636,0.115764,0,16.364,8.52254,0.5,0,12,10.2154,-8.52254,1.17155,0.300445,-0.000114156,1.20946,0,159,1
16.5494,-0.41133,0,16.5545,4.27737,0.5,0,12,29.1126,4.27737,0.905874,0.170645,-0.000478463,0.921807,0,160,1
16.5511,-0.412759,0,16.5563,3.64439,0.5,0,12,31.8615,3.64439,0.899526,0.178611,-0.000892053,0.917088,0,161,1
16.4387,0.294189,0,16.4413,16.1502,0.5,0,12,-23.2905,-16.1502,1.29724,0.255581,0.000128951,1.32217,0,162,1
16.3558,-0.0615764,0,16.3559,4.65957,0.5,0,12,24.4835,4.64188,1.12912,-0.155562,0.000275588,1.13978,0,163,1
16.3563,-0.0665025,0,16.3565,6.79835,0.5,0,12,21.1586,6.79835,1.12393,-0.177843,-0.000238955,1.13791,0,164,1
16.3555,-0.0596989,0,16.3556,4.87306,0.5,0,12,21.6621,4.87306,1.13233,-0.148287,0.000434679,1.142,0,165,1
16.3551,-0.0566502,0,16.3552,5.06179,0.5,0,12,16.3252,5.06179,1.13743,-0.137263,0.000642872,1.14568,0,166,1
16.3569,-0.0714286,0,16.357,9.63803,0.5,0,12,12.4099,9.63803,1.13427,-0.199254,-0.000792253,1.15163,0,167,1
16.3574,-0.0763547,0,16.3576,9.28521,0.5,0,12,10.1228,9.28521,1.15403,-0.21677,-0.0010242,1.17421,0,168,1
16.3579,-0.0812808,0,16.3581,6.10956,0.5,0,12,11.8535,6.10956,1.16423,-0.229881,-0.00113003,1.18671,0,169,1
16.3586,-0.0862069,0,16.3588,3.96894,0.5,0,12,13.8013,3.96894,1.16045,-0.241412,-0.00174355,1.1853,0,170,1
16.3593,-0.091133,0,16.3596,5.17606,0.5,0,12,12.8942,5.17606,1.15301,-0.254002,-0.00264059,1.18066,0,171,1
16.3558,0.0615764,0,16.3559,4.7155,0.5,0,12,24.7899,-4.71056,1.12939,0.157554,-0.000222851,1.14033,0,172,1
16.3555,0.0596829,0,16.3556,4.9836,0.5,0,12,22.2957,-4.9836,1.13231,0.150036,-0.000104347,1.14221,0,173,1
16.3564,0.0665025,0,16.3565,6.71565,0.5,0,12,20.716,-6.71565,1.12382,0.179268,-0.000425302,1.13803,0,174,1
16.3569,0.0714286,0,16.357,9.63361,0.5,0,12,10.8831,-9.63361,1.13304,0.200393,-0.000551817,1.15063,0,175,1
16.3551,0.0566502,0,16.3552,5.25147,0.5,0,12,17.4418,-5.25147,1.13694,0.138752,6.44051e-05,1.14538,0,176,1
16.3574,0.0763547,0,16.3576,9.51965,0.5,0,12,7.68992,-9.51965,1.15243,0.217946,-0.00103696,1.17285,0,177,1
16.3579,0.0812808,0,16.3581,6.45041,0.5,0,12,9.92185,-6.45041,1.16293,0.230979,-0.00189281,1.18565,0,178,1
16.3585,0.0862069,0,16.3588,4.27581,0.5,0,12,12.7615,-4.27581,1.15906,0.242332,-0.00218547,1.18413,0,179,1
16.3593,0.091133,0,16.3596,5.39411,0.5,0,12,12.2083,-5.39411,1.15114,0.255151,-0.00206656,1.17908,0,180,1
16.5558,-0.416256,0,16.561,1.29064,0.5,0,12,33.8263,1.01711,0.873676,0.18868,-0.00154975,0.893819,0,181,1
16.556,-0.416475,0,16.5613,1.28873,0.5,0,12,33.678,1.01195,0.872119,0.189019,-0.00153321,0.892369,0,182,1
16.4413,0.29803,0,16.444,12.6184,0.5,0,12,8.06179,-12.6184,1.29498,0.245119,0.000239587,1.31798,0,183,1
16.4436,0.301089,0,16.4463,12.1846,0.5,0,12,12.8943,-12.1846,1.28496,0.239783,0.00033593,1.30714,0,184,1
16.3546,-0.0517241,0,16.3547,6.50994,0.5,0,12,9.49108,6.50994,1.13782,-0.122673,0.000727811,1.14441,0,185,1
16.3542,-0.046798,0,16.3542,7.05792,0.5,0,12,7.8747,7.05792,1.1305,-0.108065,0.000748329,1.13566,0,186,1
16.3539,-0.0418719,0,16.3539,5.78188,0.5,0,12,8.57946,5.78188,1.12188,-0.093138,0.00118139,1.12574,0,187,1
16.3536,-0.0369458,0,16.3537,3.27422,0.5,0,12,9.61382,3.27422,1.1197,-0.0798342,0.0017088,1.12255,0,188,1
16.3534,-0.0320197,0,16.3534,1.7294,0.5,0,12,8.59604,1.72079,1.12428,-0.0680372,0.00191347,1.12634,0,189,1
16.3531,-0.0270936,0,16.3531,2.33166,0.5,0,12,6.49142,2.32193,1.12657,-0.0570826,0.00221404,1.12802,0,190,1
16.3529,-0.0221675,0,16.3529,3.41526,0.5,0,12,6.29875,3.41526,1.12199,-0.0481352,0.00164852,1.12302,0,191,1
16.3528,-0.0172414,0,16.3528,2.92007,0.5,0,12,7.64065,2.92007,1.11476,-0.0401117,-0.000705937,1.11548,0,192,1
16.3527,-0.0123153,0,16.3527,1.53836,0.5,0,12,8.84691,0.820803,1.11092,-0.0294457,-0.00276191,1.11131,0,193,1
16.3526,-0.00738916,0,16.3526,1.15533,0.5,0,12,8.70789,-0.797639,1.11403,-0.0177544,-0.00351186,1.11418,0,194,1
16.3526,-0.00246305,0,16.3526,0.805957,0.5,0,12,7.14537,-0.560523,1.11896,-0.00645354,-0.00363429,1.11898,0,195,1
16.3526,0.00246305,0,16.3526,0.63824,0.5,0,12,6.01269,0.333762,1.11838,0.00382139,-0.00342935,1.11839,0,196,1
16.3526,0.00738916,0,16.3526,1.1312,0.5,0,12,7.09686,0.0284164,1.11285,0.0133057,-0.00334829,1.11293,0,197,1
16.3527,0.0123153,0,16.3527,2.05646,0.5,0,12,8.56871,-1.70427,1.10961,0.0257057,-0.00301004,1.10991,0,198,1
16.3528,0.0172414,0,16.3528,3.22714,0.5,0,12,7.2764,-3.22714,1.11456,0.0399973,-0.00179283,1.11528,0,199,1
16.3529,0.0221675,0,16.3529,3.12267,0.5,0,12,5.20544,-3.12267,1.12326,0.0506262,-0.000496007,1.1244,0,200,1
16.3531,0.0270936,0,16.3531,2.26271,0.5,0,12,5.7419,-2.04123,1.12725,0.0587514,-9.4467e-05,1.12878,0,201,1
16.3533,0.0320197,0,16.3533,2.00873,0.5,0,12,8.90706,-1.72586,1.12431,0.068855,-0.000382871,1.12642,0,202,1
16.3535,0.0369458,0,16.3536,3.15246,0.5,0,12,10.9616,-3.07677,1.12093,0.0826015,-0.000115431,1.12397,0,203,1
16.3538,0.0418719,0,16.3539,5.26346,0.5,0,12,8.70442,-5.26346,1.12327,0.0968854,0.000832452,1.12744,0,204,1
16.3542,0.046798,0,16.3542,6.73776,0.5,0,12,6.4825,-6.73776,1.13047,0.109813,0.000982427,1.13579,0,205,1
16.3546,0.0517241,0,16.3547,6.56877,0.5,0,12,9.5267,-6.56877,1.13693,0.123183,0.000429215,1.14358,0,206,1
16.5624,-0.421182,0,16.5678,3.73473,0.5,0,12,34.4993,3.73473,0.83537,0.201608,-0.000370445,0.859354,0,207,1
16.5658,-0.423651,0,16.5712,5.71084,0.5,0,12,37.1453,5.71084,0.821302,0.212956,-8.6144e-05,0.848462,0,208,1
16.5609,-0.420008,0,16.5662,2.9952,0.5,0,12,33.2484,2.96203,0.844331,0.196956,-0.000626833,0.866999,0,209,1
16.445,0.302956,0,16.4477,12.2618,0.5,0,12,8.56588,-12.2618,1.27883,0.237067,0.000525241,1.30062,0,210,1
16.4484,0.307868,0,16.4513,14.9044,0.5,0,12,-21.2016,-14.9044,1.27755,0.224375,0.00066742,1.2971,0,211,1
16.5692,-0.426108,0,16.5747,5.18803,0.5,0,12,41.2531,5.18803,0.804356,0.228074,4.05768e-05,0.836066,0,212,1
16.5707,-0.427217,0,16.5762,4.88968,0.5,0,12,44.7258,4.88968,0.796857,0.232727,3.79761e-05,0.830146,0,213,1
16.4485,0.307882,0,16.4513,14.9081,0.5,0,12,-21.2659,-14.9081,1.27756,0.224318,0.000668038,1.2971,0,214,1
16.4521,0.312808,0,16.4551,12.2825,0.5,0,12,-4.31962,-12.2825,1.27987,0.203067,0.000581243,1.29588,0,215,1
16.4533,0.314383,0,16.4563,11.3006,0.5,0,12,4.69147,-11.3006,1.27538,0.196631,0.000527752,1.29045,0,216,1
16.4559,0.317734,0,16.459,8.81932,0.5,0,12,24.0852,-8.81932,1.26283,0.187663,0.000688243,1.2767,0,217,1
16.4582,0.320619,0,16.4613,9.3969,0.5,0,12,18.0819,-9.3969,1.24937,0.18061,0.00102644,1.26236,0,218,1
16.5764,-0.431034,0,16.582,4.98151,0.5,0,12,49.9459,4.98151,0.754752,0.243429,-9.77727e-06,0.793037,0,219,1
16.5805,-0.433781,0,16.5862,8.66205,0.5,0,12,48.4589,8.66205,0.727674,0.257986,-6.97342e-05,0.772054,0,220,1
16.5756,-0.430459,0,16.5812,4.55624,0.5,0,12,49.5245,4.55624,0.761475,0.241162,6.24941e-07,0.798751,0,221,1
16.4599,0.32266,0,16.463,10.3685,0.5,0,12,8.18807,-10.3685,1.24137,0.173281,0.00109678,1.25341,0,222,1
16.4631,0.326714,0,16.4664,12.5265,0.5,0,12,-5.01219,-12.5265,1.23552,0.153069,0.000985725,1.24497,0,223,1
16.5837,-0.435961,0,16.5894,9.13871,0.5,0,12,55.7996,9.13871,0.703149,0.277079,-0.00010007,0.755773,0,224,1
16.5854,-0.437126,0,16.5911,9.20457,0.5,0,12,65.176,9.20457,0.692171,0.284178,-0.000111442,0.748236,0,225,1
16.4638,0.327586,0,16.4671,12.5868,0.5,0,12,-5.88995,-12.5868,1.23491,0.147046,0.00093664,1.24363,0,226,1
16.4678,0.332512,0,16.4712,10.4519,0.5,0,12,15.2946,-10.4519,1.22493,0.111224,0.00117548,1.22997,0,227,1
16.5914,-0.440887,0,16.5973,9.79734,0.5,0,12,88.9434,9.79734,0.632006,0.305443,-0.000123519,0.701945,0,228,1
16.5951,-0.443219,0,16.6011,12.5992,0.5,0,12,86.0071,12.5992,0.599825,0.319432,-0.000127435,0.679578,0,229,1
16.5903,-0.440079,0,16.5961,9.21522,0.5,0,12,87.1631,9.21522,0.645551,0.301001,-0.000123653,0.712277,0,230,1
16.468,0.332712,0,16.4714,10.3911,0.5,0,12,16.1597,-10.3911,1.22392,0.109784,0.00120161,1.22884,0,231,1
16.5994,-0.445813,0,16.6054,14.1365,0.5,0,12,98.6935,14.1365,0.55418,0.34345,-0.000133742,0.651976,0,232,1
16.6,-0.446232,0,16.606,14.2809,0.5,0,12,102.451,14.2809,0.548964,0.345547,-0.000133268,0.648664,0,233,1
16.472,0.337438,0,16.4754,6.00897,0.5,0,12,37.0366,-6.00897,1.19362,0.0844813,0.00198907,1.19661,0,234,1
16.4729,0.338471,0,16.4764,6.22899,0.5,0,12,34.8748,-6.22899,1.18665,0.0805023,0.002189,1.18938,0,235,1
16.6079,-0.450739,0,16.614,15.5388,0.5,0,12,140.176,15.5388,0.458987,0.380065,-0.00013236,0.595918,0,236,1
16.6098,-0.451938,0,16.616,15.8341,0.5,0,12,150.57,15.8341,0.439216,0.384832,-0.000124576,0.583957,0,237,1
16.6049,-0.448967,0,16.611,14.901,0.5,0,12,127.317,14.901,0.497441,0.367981,-0.000129698,0.618755,0,238,1
16.4763,0.342365,0,16.4799,8.27707,0.5,0,12,15.4367,-8.27707,1.15914,0.0712447,0.00255718,1.16133,0,239,1
16.4778,0.344021,0,16.4814,9.97848,0.5,0,12,1.06566,-9.97848,1.15679,0.0667668,0.00267349,1.15871,0,240,1
16.6168,-0.455665,0,16.6231,18.4599,0.5,0,12,168.169,18.4599,0.345313,0.412653,-0.000103532,0.538074,0,241,1
16.6196,-0.457227,0,16.6259,19.2925,0.5,0,12,173.728,19.2925,0.315444,0.420864,-7.72786e-05,0.525958,0,242,1
16.6147,-0.454424,0,16.6209,17.288,0.5,0,12,165.39,17.288,0.376782,0.403869,-0.000112666,0.552336,0,243,1
16.4807,0.347291,0,16.4844,13.4773,0.5,0,12,-24.1792,-13.4773,1.15601,0.0546408,0.0027375,1.15731,0,244,1
16.4827,0.349433,0,16.4864,13.1285,0.5,0,12,-25.0885,-13.1285,1.16497,0.0474235,0.00295795,1.16594,0,245,1
16.6264,-0.460591,0,16.6328,20.3441,0.5,0,12,200.619,20.3441,0.217645,0.454485,-3.46175e-05,0.503911,0,246,1
16.6294,-0.462164,0,16.6358,19.4374,0.5,0,12,226.83,19.4374,0.181646,0.462033,-1.19418e-05,0.496457,0,247,1
16.6245,-0.459529,0,16.6308,20.2161,0.5,0,12,190.429,20.2161,0.248012,0.446574,-4.3089e-05,0.510821,0,248,1
16.4852,0.352217,0,16.489,11.7142,0.5,0,12,-14.8008,-11.7142,1.17875,0.0444029,0.00345147,1.17959,0,249,1
16.4876,0.354739,0,16.4914,6.98681,0.5,0,12,1.76074,-6.4359,1.18083,0.0423821,0.00344974,1.1816,0,250,1
16.6368,-0.465517,0,16.6433,17.9866,0.5,0,12,261.072,17.9866,0.0622112,0.483019,1.40154e-05,0.487009,0,251,1
16.6392,-0.466714,0,16.6457,17.1483,0.5,0,12,275.185,17.1483,0.0306451,0.482996,1.99594e-05,0.483967,0,252,1
16.6343,-0.464269,0,16.6407,19.134,0.5,0,12,251.574,17.9943,0.105929,0.478469,9.93188e-06,0.490055,0,253,1
16.8494,-0.465489,0,16.8559,3.56369,0.5,0,12,2.2545,-3.54343,0.424759,-0.0531984,7.72456e-05,0.428078,0,254,1
16.8543,-0.465045,0,16.8608,3.1286,0.5,0,12,1.51507,-2.79238,0.428591,-0.0477031,2.76099e-05,0.431238,0,255,1
16.8592,-0.464687,0,16.8656,2.68898,0.5,0,12,1.48567,-2.10942,0.431058,-0.0423394,-2.08085e-06,0.433132,0,256,1
16.8492,-0.465517,0,16.8556,3.58694,0.5,0,12,2.34462,-3.58694,0.424471,-0.0535182,8.18626e-05,0.427831,0,257,1
16.8446,-0.465995,0,16.851,4.4721,0.5,0,12,4.22413,-4.4721,0.415276,-0.0585373,0.000171454,0.419381,0,258,1
16.8641,-0.464396,0,16.8705,2.52614,0.5,0,12,1.85794,-1.49744,0.432444,-0.0370366,-1.5855e-05,0.434027,0,259,1
16.869,-0.464158,0,16.8754,2.485,0.5,0,12,2.49249,-1.02075,0.432962,-0.0318285,-1.79311e-05,0.43413,0,260,1
16.8739,-0.463966,0,16.8803,2.43739,0.5,0,12,3.22984,-0.676161,0.432951,-0.027226,-1.1236e-05,0.433807,0,261,1
16.8788,-0.463808,0,16.8852,2.49085,0.5,0,12,3.6855,-0.321554,0.432895,-0.0232495,3.52737e-06,0.433519,0,262,1
16.8837,-0.463676,0,16.89,2.67772,0.5,0,12,3.72098,0.0760278,0.432935,-0.0191739,2.2555e-05,0.43336,0,263,1
16.8886,-0.463567,0,16.8949,2.89714,0.5,0,12,3.68571,0.43174,0.432719,-0.0148376,4.0432e-05,0.432973,0,264,1
16.8935,-0.463482,0,16.8998,3.09431,0.5,0,12,3.9369,0.731205,0.431808,-0.0104941,5.31276e-05,0.431936,0,265,1
16.8983,-0.463421,0,16.9047,3.27546,0.5,0,12,4.25288,1.01289,0.429904,-0.00628039,5.82735e-05,0.42995,0,266,1
16.9032,-0.463385,0,16.9096,3.451,0.5,0,12,4.44268,1.30248,0.426836,-0.00217835,5.56754e-05,0.426842,0,267,1
16.9081,-0.463374,0,16.9145,3.61778,0.5,0,12,4.6332,1.60356,0.422514,0.00187034,4.72342e-05,0.422518,0,268,1
16.913,-0.463386,0,16.9194,3.76506,0.5,0,12,4.84907,1.91147,0.416889,0.00590557,3.55469e-05,0.416931,0,269,1
16.9179,-0.463422,0,16.9243,3.88622,0.5,0,12,5.0841,2.2312,0.409914,0.00996829,2.38257e-05,0.410035,0,270,1
16.9228,-0.46348,0,16.9291,3.97279,0.5,0,12,5.34925,2.57531,0.401467,0.0141253,1.63126e-05,0.401716,0,271,1
16.9277,-0.463559,0,16.934,4.00406,0.5,0,12,5.67832,2.95371,0.391423,0.0184324,1.78916e-05,0.391857,0,272,1
16.9326,-0.463657,0,16.9389,3.89599,0.5,0,12,6.20308,3.31749,0.379706,0.0229183,3.09944e-05,0.380397,0,273,1
16.9375,-0.463773,0,16.9438,3.70852,0.5,0,12,6.75836,3.60845,0.366458,0.0271835,5.05892e-05,0.367465,0,274,1
16.9424,-0.463905,0,16.9487,3.94094,0.5,0,12,6.252,3.94094,0.35256,0.0307024,6.67949e-05,0.353895,0,275,1
16.9473,-0.464058,0,16.9536,4.41429,0.5,0,12,4.66601,4.41429,0.33918,0.0338815,6.89272e-05,0.340868,0,276,1
16.9521,-0.464238,0,16.9585,4.92449,0.5,0,12,3.31827,4.92449,0.326672,0.0371547,4.82227e-05,0.328778,0,277,1
16.957,-0.464449,0,16.9634,5.39554,0.5,0,12,2.87174,5.39554,0.31478,0.0403499,6.47999e-06,0.317356,0,278,1
16.9619,-0.464693,0,16.9683,5.84723,0.5,0,12,2.91139,5.84723,0.303256,0.0434169,-3.95498e-05,0.306349,0,279,1
16.9668,-0.464977,0,16.9732,6.28671,0.5,0,12,2.95028,6.28671,0.291938,0.0464193,-6.63473e-05,0.295605,0,280,1
16.9717,-0.465307,0,16.9781,6.70085,0.5,0,12,3.28352,6.70085,0.280682,0.0493881,-5.83729e-05,0.284994,0,281,1
16.9745,-0.465517,0,16.9808,6.90098,0.5,0,12,3.70577,6.90098,0.274287,0.0510582,-3.53201e-05,0.278999,0,282,1
16.9766,-0.465685,0,16.983,6.84828,0.5,0,12,4.15254,6.78955,0.269394,0.0524924,-1.81602e-05,0.27446,0,283,1
16.4898,0.357143,0,16.4937,3.38149,0.5,0,12,12.7139,-2.41677,1.18122,0.052001,0.00331675,1.18237,0,284,1
16.4925,0.359902,0,16.4964,2.86123,0.5,0,12,12.7966,0.514497,1.15843,0.0585518,0.00315057,1.15991,0,285,1
16.6484,-0.470443,0,16.655,13.5041,0.5,0,12,285.7,13.5041,-0.126805,0.498017,1.92321e-05,0.513907,0,286,1
16.6489,-0.470712,0,16.6556,13.1964,0.5,0,12,288.898,13.1964,-0.134716,0.497188,1.61348e-05,0.515116,0,287,1
16.6441,-0.468641,0,16.6506,18.0779,0.5,0,12,284.171,14.7509,-0.0471656,0.491773,2.57248e-05,0.494029,0,288,1
16.8054,-0.470329,0,16.812,13.6614,0.5,0,12,33.6429,-13.6614,0.282754,-0.119759,1.61942e-05,0.30707,0,289,1
16.8103,-0.469572,0,16.8169,11.2536,0.5,0,12,33.6011,-11.2536,0.304045,-0.112145,6.24481e-05,0.324068,0,290,1
16.8152,-0.468987,0,16.8218,9.40239,0.5,0,12,33.933,-9.40239,0.322382,-0.102345,0.000110324,0.338237,0,291,1
16.8048,-0.470443,0,16.8114,13.9818,0.5,0,12,34.1744,-13.9818,0.279637,-0.12061,1.0433e-05,0.304538,0,292,1
16.8005,-0.471195,0,16.8071,15.3125,0.5,0,12,37.6767,-15.3125,0.253564,-0.125388,-1.31297e-05,0.282872,0,293,1
16.8201,-0.468496,0,16.8266,8.40796,0.5,0,12,30.0266,-8.40796,0.339806,-0.0920657,0.000172603,0.352057,0,294,1
16.825,-0.468015,0,16.8315,7.80867,0.5,0,12,23.6104,-7.80867,0.357438,-0.0837947,0.000249231,0.367129,0,295,1
16.8299,-0.467519,0,16.8364,7.07566,0.5,0,12,17.6315,-7.07566,0.374358,-0.0767047,0.000309371,0.382135,0,296,1
16.8348,-0.467015,0,16.8413,6.2631,0.5,0,12,12.1177,-6.2631,0.389764,-0.0701291,0.000309833,0.396023,0,297,1
16.8397,-0.466505,0,16.8461,5.39776,0.5,0,12,7.43657,-5.39776,0.403497,-0.0641232,0.00026053,0.40856,0,298,1
16.9815,-0.466069,0,16.9879,6.60069,0.5,0,12,5.49529,6.43581,0.257804,0.0558084,3.27843e-05,0.263775,0,299,1
16.9864,-0.466446,0,16.9928,6.24794,0.5,0,12,7.10722,6.02756,0.245502,0.0590069,7.33213e-05,0.252494,0,300,1
16.9913,-0.466815,0,16.9977,5.81551,0.5,0,12,8.94725,5.60702,0.232163,0.0620893,0.000101848,0.240322,0,301,1
16.9962,-0.467173,0,17.0026,5.31981,0.5,0,12,10.9669,5.21729,0.217445,0.065111,0.000133505,0.226984,0,302,1
17.001,-0.46752,0,17.0075,4.91852,0.5,0,12,13.1088,4.90267,0.200972,0.0681792,0.000177767,0.212222,0,303,1
17.0059,-0.467854,0,17.0124,4.69716,0.5,0,12,16.1763,4.69716,0.182416,0.0714539,0.000229219,0.195911,0,304,1
17.0108,-0.468176,0,17.0173,4.5391,0.5,0,12,20.4907,4.5391,0.161607,0.075023,0.000276732,0.178173,0,305,1
17.0157,-0.468483,0,17.0222,4.5022,0.5,0,12,22.035,4.24756,0.138808,0.078359,0.000307204,0.159398,0,306,1
17.0206,-0.468778,0,17.0271,5.27042,0.5,0,12,17.0352,3.94354,0.116201,0.0799456,0.000307552,0.141046,0,307,1
17.0255,-0.469084,0,17.032,5.53545,0.5,0,12,10.918,3.86336,0.0968069,0.0802174,0.000273838,0.125724,0,308,1
17.0304,-0.469424,0,17.0369,5.18684,0.5,0,12,9.28525,3.79623,0.0809153,0.0804938,0.00021465,0.114134,0,309,1
17.0353,-0.469802,0,17.0418,4.45217,0.5,0,12,10.1351,3.53416,0.0671144,0.0804764,0.000140622,0.104789,0,310,1
17.0402,-0.470222,0,17.0467,3.43818,0.5,0,12,11.5217,3.10548,0.0543917,0.0799494,4.94812e-05,0.0966972,0,311,1
17.0426,-0.470443,0,17.049,2.82138,0.5,0,12,12.4367,2.82138,0.0484771,0.0794313,8.80853e-06,0.0930557,0,312,1
17.0451,-0.470678,0,17.0516,2.27447,0.5,0,12,13.5641,2.27447,0.0431491,0.0789884,-2.89398e-05,0.0900056,0,313,1
16.4946,0.362069,0,16.4985,3.02855,0.5,0,12,14.2295,0.618614,1.14211,0.0617377,0.00296762,1.14379,0,314,1
16.4973,0.364908,0,16.5014,3.1394,0.5,0,12,14.7247,-2.2711,1.12203,0.0556405,0.0031344,1.12341,0,315,1
16.662,-0.475369,0,16.6688,14.687,0.5,0,12,287.958,-1.09389,-0.358068,0.482071,-1.98728e-05,0.600504,0,316,1
16.6636,-0.475995,0,16.6704,15.7899,0.5,0,12,299.327,-2.76773,-0.381605,0.472746,-2.21715e-05,0.607545,0,317,1
16.6587,-0.474182,0,16.6655,14.9795,0.5,0,12,293.971,3.10536,-0.295606,0.491925,-1.95967e-05,0.573911,0,318,1
16.6538,-0.472652,0,16.6605,15.9707,0.5,0,12,319.326,8.90423,-0.206648,0.490662,-7.81633e-06,0.532402,0,319,1
16.7761,-0.474838,0,16.7828,22.783,0.5,0,12,90.3272,-22.783,0.0706339,-0.182808,-9.30384e-06,0.19598,0,320,1
16.781,-0.474033,0,16.7877,18.6263,0.5,0,12,107.592,-18.6263,0.112005,-0.168262,-1.96101e-05,0.202132,0,321,1
16.7859,-0.473377,0,16.7925,17.1335,0.5,0,12,95.1689,-17.1335,0.148844,-0.150302,-2.5849e-05,0.211531,0,322,1
16.7735,-0.475369,0,16.7802,25.5437,0.5,0,12,79.0889,-25.5437,0.0450321,-0.186516,-6.98872e-07,0.191875,0,323,1
16.7712,-0.475855,0,16.778,26.7538,0.5,0,12,70.5824,-26.7538,0.0201171,-0.187715,6.85998e-06,0.18879,0,324,1
16.7908,-0.472717,0,16.7974,17.0748,0.5,0,12,66.5234,-17.0748,0.185277,-0.138088,-2.95521e-05,0.231076,0,325,1
16.7957,-0.47199,0,16.8023,16.5188,0.5,0,12,46.6806,-16.5188,0.220722,-0.13096,-2.65208e-05,0.256649,0,326,1
17.0499,-0.471107,0,17.0565,1.35819,0.5,0,12,15.8507,1.15671,0.0325656,0.0776477,-4.97586e-05,0.0842003,0,327,1
17.0548,-0.4715,0,17.0614,1.3383,0.5,0,12,17.8273,0.0940124,0.0213577,0.0757414,-5.38247e-05,0.078695,0,328,1
17.0597,-0.471859,0,17.0663,1.35161,0.5,0,12,19.3249,-0.843646,0.00931541,0.0734638,-0.00011063,0.0740522,0,329,1
17.0646,-0.472188,0,17.0712,1.99851,0.5,0,12,20.3053,-1.59166,-0.00361174,0.0711471,-0.000223306,0.0712391,0,330,1
17.0695,-0.472487,0,17.076,2.68421,0.5,0,12,21.0843,-2.31768,-0.017739,0.069434,-0.000319404,0.0716649,0,331,1
17.0744,-0.47276,0,17.0809,3.26045,0.5,0,12,21.8996,-3.19693,-0.0347311,0.0683059,-0.00031369,0.0766293,0,332,1
17.0793,-0.473006,0,17.0858,4.097,0.5,0,12,21.5963,-3.7786,-0.0507723,0.066259,-0.000331575,0.0834758,0,333,1
17.0842,-0.473229,0,17.0907,5.12517,0.5,0,12,20.1502,-4.31504,-0.0670817,0.0639658,-0.000392367,0.0926916,0,334,1
17.0891,-0.473429,0,17.0956,6.19654,0.5,0,12,17.2959,-4.86092,-0.0839592,0.061407,-0.000293474,0.10402,0,335,1
17.094,-0.473613,0,17.1005,7.14932,0.5,0,12,12.2088,-5.53011,-0.100708,0.0584635,-0.000114381,0.116448,0,336,1
17.0989,-0.473781,0,17.1054,8.22797,0.5,0,12,4.44856,-6.16175,-0.113292,0.0544404,-7.12811e-05,0.125694,0,337,1
17.1037,-0.473932,0,17.1103,8.66782,0.5,0,12,0.51487,-6.67642,-0.120209,0.0494788,-0.000165739,0.129994,0,338,1
17.1086,-0.47408,0,17.1152,8.44935,0.5,0,12,1.47548,-7.10396,-0.124173,0.0445192,-0.000174641,0.131913,0,339,1
17.1135,-0.474216,0,17.1201,8.30894,0.5,0,12,2.21734,-7.67889,-0.126761,0.0396818,0.000121649,0.132827,0,340,1
17.1184,-0.474339,0,17.125,8.4181,0.5,0,12,1.77352,-8.33865,-0.128072,0.034722,0.000442353,0.132696,0,341,1
17.1233,-0.474445,0,17.1299,9.01949,0.5,0,12,0.635202,-9.01949,-0.128358,0.0294909,0.000280635,0.131703,0,342,1
17.1282,-0.474534,0,17.1348,9.62752,0.5,0,12,0.0530302,-9.62752,-0.127507,0.0241203,-0.000322236,0.129769,0,343,1
17.1331,-0.474603,0,17.1397,10.1451,0.5,0,12,-1.45748,-10.1451,-0.125434,0.0189159,-0.000244239,0.126852,0,344,1
16.4994,0.366995,0,16.5035,4.92823,0.5,0,12,8.43797,-4.63739,1.1084,0.0420454,0.00307037,1.1092,0,345,1
16.5022,0.369808,0,16.5064,8.35038,0.5,0,12,-4.38375,-8.35038,1.10331,0.0213882,0.00292586,1.10352,0,346,1
16.6804,-0.480296,0,16.6873,35.5137,0.5,0,12,-47.5364,-32.2687,-0.659345,0.376719,-3.56693e-05,0.759377,0,347,1
16.6832,-0.480989,0,16.6901,41.3389,0.5,0,12,-91.1341,-36.1573,-0.686694,0.339102,-3.61495e-05,0.765859,0,348,1
16.6783,-0.479761,0,16.6852,31.5783,0.5,0,12,7.03811,-26.6317,-0.627232,0.400979,-3.44759e-05,0.744449,0,349,1
16.6734,-0.478645,0,16.6803,27.003,0.5,0,12,162.95,-14.5567,-0.542969,0.428552,-3.01215e-05,0.691717,0,350,1
16.6685,-0.477518,0,16.6753,19.9843,0.5,0,12,292.029,-7.2852,-0.457011,0.443916,-2.56337e-05,0.637119,0,351,1
16.7467,-0.479715,0,16.7536,38.5072,0.5,0,12,116.855,-38.5072,-0.289929,-0.232298,2.65985e-05,0.371512,0,352,1
16.7516,-0.478948,0,16.7585,31.0857,0.5,0,12,194.793,-31.0857,-0.221709,-0.221474,2.99377e-05,0.313378,0,353,1
16.7565,-0.478287,0,16.7634,28.5014,0.5,0,12,180.559,-28.5014,-0.15984,-0.201027,2.89678e-05,0.256828,0,354,1
16.7436,-0.480296,0,16.7504,44.2654,0.5,0,12,54.8607,-44.2654,-0.340289,-0.22853,2.67425e-05,0.409906,0,355,1
16.7419,-0.480623,0,16.7488,45.8447,0.5,0,12,27.5886,-45.5005,-0.365672,-0.22349,2.51082e-05,0.428561,0,356,1
16.7614,-0.477593,0,16.7682,28.9011,0.5,0,12,114.09,-28.9011,-0.0975536,-0.19008,2.45622e-05,0.213652,0,357,1
16.7663,-0.476789,0,16.7731,28.4352,0.5,0,12,75.6061,-28.4352,-0.0364583,-0.188076,1.85492e-05,0.191577,0,358,1
17.138,-0.474652,0,17.1445,10.6371,0.5,0,12,-2.55855,-10.6371,-0.122759,0.0139228,0.00117535,0.123552,0,359,1
16.5044,0.371921,0,16.5086,9.20746,0.5,0,12,-14.5618,-9.20746,1.10542,3.33856e-05,0.00295751,1.10543,0,360,1
16.5071,0.374604,0,16.5114,6.78693,0.5,0,12,-8.45804,-6.45273,1.10988,-0.0243729,0.00289018,1.11015,0,361,1
16.7076,-0.483292,0,16.7146,59.1095,0.5,0,12,-468.009,-48.956,-0.817173,0.0311098,-7.89761e-06,0.817765,0,362,1
16.7125,-0.483279,0,16.7195,58.7574,0.5,0,12,-456.704,-50.5633,-0.788718,-0.0211122,-2.21066e-06,0.789,0,363,1
16.7174,-0.48315,0,16.7244,57.6038,0.5,0,12,-387.385,-51.5552,-0.738315,-0.0692146,6.03103e-07,0.741552,0,364,1
16.7027,-0.483182,0,16.7097,58.5732,0.5,0,12,-408.588,-47.0324,-0.822031,0.0851081,-1.51873e-05,0.826425,0,365,1
16.6978,-0.482934,0,16.7048,57.1564,0.5,0,12,-317.554,-44.9983,-0.805995,0.140802,-2.3618e-05,0.818201,0,366,1
16.7223,-0.482906,0,16.7293,55.8626,0.5,0,12,-286.6,-51.7188,-0.672016,-0.111015,8.45776e-07,0.681124,0,367,1
16.693,-0.48252,0,16.6999,54.7076,0.5,0,12,-237.666,-42.9146,-0.773824,0.200479,-3.13404e-05,0.799372,0,368,1
16.7272,-0.482543,0,16.7341,53.8265,0.5,0,12,-181.582,-51.1075,-0.596693,-0.146411,1.93019e-06,0.614393,0,369,1
16.6881,-0.481896,0,16.695,50.1554,0.5,0,12,-167.189,-40.3362,-0.731649,0.26672,-3.54617e-05,0.778749,0,370,1
16.7321,-0.482052,0,16.739,51.6157,0.5,0,12,-97.3723,-49.8345,-0.517986,-0.17647,8.37878e-06,0.547221,0,371,1
16.737,-0.481419,0,16.7439,49.0361,0.5,0,12,-30.154,-47.9323,-0.439977,-0.20227,1.8788e-05,0.484245,0,372,1
17.1429,-0.474681,0,17.1494,11.1393,0.5,0,12,-4.23673,-11.1393,-0.120156,0.00870378,0.00151821,0.12048,0,373,1
16.5095,0.376847,0,16.5138,3.76671,0.5,0,12,1.55174,-2.83426,1.11313,-0.0305218,0.00279896,1.11355,0,374,1
16.512,0.379256,0,16.5164,3.42665,0.5,0,12,6.66487,0.897397,1.10236,-0.0339378,0.00306851,1.10288,0,375,1
17.1478,-0.474691,0,17.1543,11.3579,0.5,0,12,-6.40802,-11.3579,-0.117332,0.00349573,-0.00169108,0.117396,0,376,1
16.5147,0.381773,0,16.5191,3.35356,0.5,0,12,12.954,2.17139,1.09313,-0.0319319,0.00315699,1.0936,0,377,1
16.5169,0.383798,0,16.5214,3.53425,0.5,0,12,15.4498,2.27258,1.08041,-0.0333898,0.00305844,1.08093,0,378,1
17.1526,-0.474682,0,17.1592,11.2386,0.5,0,12,-8.60803,-11.2386,-0.114955,-0.00159378,-0.00448796,0.115054,0,379,1
16.5201,0.386699,0,16.5246,3.96523,0.5,0,12,22.0652,0.724536,1.06161,-0.0435232,0.00266124,1.06251,0,380,1
16.5218,0.388252,0,16.5264,3.02076,0.5,0,12,25.4176,-0.430937,1.05266,-0.0490016,0.00216158,1.0538,0,381,1
17.1575,-0.474656,0,17.1641,11.0664,0.5,0,12,-8.33948,-11.0664,-0.110614,-0.00711066,-0.0029632,0.110882,0,382,1
16.5256,0.391626,0,16.5302,2.31379,0.5,0,12,30.6355,-1.6265,1.03367,-0.072744,0.00155041,1.03623,0,383,1
16.5267,0.392609,0,16.5313,2.21177,0.5,0,12,33.2013,-2.00406,1.02724,-0.07896,0.00135682,1.03027,0,384,1
17.1624,-0.474614,0,17.169,11.1763,0.5,0,12,-3.36516,-11.1763,-0.100696,-0.0122491,-0.000285035,0.101438,0,385,1
16.5313,0.396552,0,16.536,0.874384,0.5,0,12,38.5465,-0.847911,0.997535,-0.108562,0.000754024,1.00343,0,386,1
16.5316,0.396823,0,16.5363,0.911794,0.5,0,12,38.242,-0.906041,0.995546,-0.110182,0.000706839,1.00163,0,387,1
17.1673,-0.474558,0,17.1739,11.1384,0.5,0,12,0.660636,-11.1384,-0.0903508,-0.0158173,0.00206501,0.0917481,0,388,1
16.5365,0.400859,0,16.5413,1.31186,0.5,0,12,29.4077,0.415079,0.96402,-0.132137,1.91209e-05,0.973034,0,389,1
16.5372,0.401478,0,16.5421,1.21264,0.5,0,12,29.4095,0.55257,0.95894,-0.133532,0.000221719,0.968192,0,390,1
16.5414,0.404864,0,16.5463,1.21277,0.5,0,12,27.241,-0.677555,0.932986,-0.137947,0.00149395,0.94313,0,391,1
17.1722,-0.474489,0,17.1788,10.7313,0.5,0,12,-0.132681,-10.7313,-0.0839391,-0.0184201,0.00341801,0.0860044,0,392,1
16.5432,0.406404,0,16.5482,2.33413,0.5,0,12,27.1717,-2.11533,0.921686,-0.14414,0.00230716,0.932891,0,393,1
16.5462,0.408858,0,16.5513,4.9697,0.5,0,12,27.1044,-4.9697,0.909453,-0.15684,0.00289554,0.922883,0,394,1
17.1771,-0.474408,0,17.1836,10.1521,0.5,0,12,-1.11179,-10.1521,-0.0783415,-0.0206918,0.000585329,0.0810302,0,395,1
16.5493,0.41133,0,16.5544,4.02069,0.5,0,12,30.7138,-4.02069,0.898407,-0.175781,0.00191752,0.915444,0,396,1
16.5511,0.412773,0,16.5563,3.08364,0.5,0,12,33.5853,-3.08364,0.89121,-0.184084,0.00174238,0.910024,0,397,1
17.182,-0.474318,0,17.1885,9.68288,0.5,0,12,0.949426,-9.68288,-0.0712779,-0.0222232,-0.0026108,0.0747076,0,398,1
16.5557,0.416256,0,16.561,1.48569,0.5,0,12,36.7075,-0.932127,0.863654,-0.185325,0.001552,0.883316,0,399,1
16.556,0.416483,0,16.5613,1.51835,0.5,0,12,36.4238,-0.957895,0.862272,-0.185281,0.00154979,0.881955,0,400,1
16.5609,0.420008,0,16.5662,4.83422,0.5,0,12,33.7689,-4.7669,0.841699,-0.192827,0.000841359,0.863505,0,401,1
16.5624,0.421182,0,16.5678,5.68031,0.5,0,12,34.4731,-5.68031,0.835348,-0.199838,0.000608774,0.858919,0,402,1
16.5658,0.423654,0,16.5712,7.16548,0.5,0,12,37.8844,-7.16548,0.824042,-0.215906,9.7566e-05,0.851857,0,403,1
16.5692,0.426108,0,16.5747,5.41827,0.5,0,12,42.1775,-5.41827,0.808475,-0.233731,-0.000158296,0.841583,0,404,1
16.5707,0.427231,0,16.5762,4.71503,0.5,0,12,46.6877,-4.71503,0.80013,-0.239167,-0.000230242,0.83511,0,405,1
17.1869,-0.47422,0,17.1934,9.34463,0.5,0,12,1.84645,-9.34463,-0.0635553,-0.0231134,-0.000801155,0.0676324,0,406,1
16.5756,0.430483,0,16.5812,3.45557,0.5,0,12,52.6342,-3.45557,0.761447,-0.24501,-0.000157405,0.799894,0,407,1
16.5763,0.431034,0,16.5819,3.86569,0.5,0,12,53.1898,-3.86569,0.754481,-0.246576,-0.000140279,0.793751,0,408,1
16.5805,0.433801,0,16.5862,7.97834,0.5,0,12,50.1639,-7.97834,0.725723,-0.258508,-5.26245e-05,0.770389,0,409,1
17.1918,-0.474115,0,17.1983,9.14485,0.5,0,12,2.06721,-9.14485,-0.0557569,-0.0239025,0.00218586,0.0607036,0,410,1
16.5837,0.435961,0,16.5894,8.86462,0.5,0,12,55.6134,-8.86462,0.700939,-0.276563,-3.24805e-05,0.753526,0,411,1
16.5854,0.437146,0,16.5911,9.08198,0.5,0,12,64.4165,-9.08198,0.690037,-0.283489,-2.20711e-05,0.746001,0,412,1
17.1967,-0.474007,0,17.2032,9.06261,0.5,0,12,1.31322,-9.06261,-0.0478512,-0.0252352,0.0019797,0.0541338,0,413,1
16.5903,0.440099,0,16.5961,9.30145,0.5,0,12,85.3938,-9.30145,0.644111,-0.300399,-2.27865e-05,0.710717,0,414,1
16.5914,0.440887,0,16.5973,9.89241,0.5,0,12,87.0421,-9.89241,0.631041,-0.304804,-2.31654e-05,0.700798,0,415,1
16.5951,0.443235,0,16.6011,12.7461,0.5,0,12,84.2434,-12.7461,0.598998,-0.319122,-2.5189e-05,0.678702,0,416,1
17.2015,-0.473897,0,17.2081,8.98188,0.5,0,12,1.69043,-8.98188,-0.0399112,-0.0273987,0.000535742,0.0484136,0,417,1
16.5994,0.445813,0,16.6054,14.2516,0.5,0,12,97.3607,-14.2516,0.554054,-0.343428,-2.34439e-05,0.651857,0,418,1
16.6,0.446252,0,16.606,14.395,0.5,0,12,101.475,-14.395,0.548628,-0.345686,-2.29231e-05,0.648453,0,419,1
17.2064,-0.473788,0,17.213,8.60401,0.5,0,12,2.91586,-8.60401,-0.0322958,-0.0297548,0.000395144,0.043915,0,420,1
16.6049,0.448982,0,16.611,14.9327,0.5,0,12,127.597,-14.9327,0.497041,-0.368275,-1.29735e-05,0.618608,0,421,1
16.6078,0.450739,0,16.614,15.5484,0.5,0,12,140.335,-15.5484,0.458855,-0.380224,-3.16913e-06,0.595918,0,422,1
16.6098,0.451953,0,16.616,15.8488,0.5,0,12,150.612,-15.8488,0.438779,-0.385073,2.83335e-06,0.583788,0,423,1
17.2113,-0.473681,0,17.2178,7.99857,0.5,0,12,3.31845,-7.99857,-0.0250169,-0.0306911,0.000138893,0.0395956,0,424,1
16.6147,0.454438,0,16.6209,17.3257,0.5,0,12,164.748,-17.3257,0.376336,-0.404135,8.89245e-06,0.552227,0,425,1
16.6168,0.455665,0,16.6231,18.4762,0.5,0,12,167.643,-18.4762,0.345297,-0.412856,8.57939e-06,0.538219,0,426,1
16.6196,0.45724,0,16.6259,19.2893,0.5,0,12,173.903,-19.2893,0.315161,-0.421216,1.04865e-05,0.52607,0,427,1
17.2162,-0.473575,0,17.2227,7.65766,0.5,0,12,4.82994,-7.65766,-0.0144113,-0.0307899,-0.000643174,0.0340017,0,428,1
16.6245,0.459542,0,16.6308,20.1225,0.5,0,12,191.969,-20.1225,0.247536,-0.446837,1.40757e-05,0.510821,0,429,1
16.6264,0.460591,0,16.6328,20.2208,0.5,0,12,202.166,-20.2208,0.217442,-0.454418,1.99604e-05,0.503763,0,430,1
16.6294,0.462175,0,16.6358,19.2918,0.5,0,12,228.224,-19.2918,0.181023,-0.461722,3.41491e-05,0.49594,0,431,1
17.2211,-0.473466,0,17.2276,7.39062,0.5,0,12,5.78876,-7.39062,-0.00247939,-0.0305013,0.000175471,0.0306024,0,432,1
16.9717,0.465308,0,16.9781,6.6804,0.5,0,12,3.33121,-6.6804,0.280907,-0.0498652,0.000225433,0.285298,0,433,1
16.9668,0.464978,0,16.9732,6.30957,0.5,0,12,2.92084,-6.30957,0.292167,-0.046911,0.000194853,0.295909,0,434,1
16.9744,0.465517,0,16.9808,6.86674,0.5,0,12,3.75481,-6.86674,0.274555,-0.0514495,0.000237538,0.279335,0,435,1
16.9766,0.465686,0,16.983,6.80499,0.5,0,12,4.20722,-6.74531,0.269609,-0.0528369,0.000244444,0.274737,0,436,1
16.9619,0.464694,0,16.9683,5.90379,0.5,0,12,2.792,-5.90379,0.303464,-0.0437685,0.000159849,0.306604,0,437,1
16.957,0.464449,0,16.9634,5.45308,0.5,0,12,2.77355,-5.45308,0.314927,-0.0404976,0.000126479,0.317521,0,438,1
16.9521,0.464238,0,16.9585,4.95347,0.5,0,12,3.27946,-4.95347,0.326729,-0.0371628,9.86225e-05,0.328836,0,439,1
16.9473,0.464058,0,16.9536,4.40691,0.5,0,12,4.67281,-4.40691,0.33914,-0.0338785,7.64916e-05,0.340828,0,440,1
16.9424,0.463904,0,16.9487,3.90952,0.5,0,12,6.30589,-3.90952,0.352442,-0.030791,5.91683e-05,0.353785,0,441,1
16.9375,0.463773,0,16.9438,3.6712,0.5,0,12,6.8073,-3.5709,0.366296,-0.0273965,4.72251e-05,0.367319,0,442,1
16.9326,0.463657,0,16.9389,3.86499,0.5,0,12,6.22182,-3.28558,0.379537,-0.0232369,4.07384e-05,0.380247,0,443,1
16.9277,0.463559,0,16.934,3.98108,0.5,0,12,5.67909,-2.93053,0.39127,-0.0188186,3.66962e-05,0.391723,0,444,1
16.9228,0.46348,0,16.9291,3.95584,0.5,0,12,5.34007,-2.55828,0.401342,-0.0145495,3.18101e-05,0.401606,0,445,1
16.9179,0.463422,0,16.9243,3.87461,0.5,0,12,5.07477,-2.21951,0.409821,-0.0104202,2.57414e-05,0.409953,0,446,1
16.913,0.463387,0,16.9194,3.76341,0.5,0,12,4.8494,-1.91069,0.416829,-0.00636974,1.99284e-05,0.416878,0,447,1
16.9081,0.463374,0,16.9145,3.63251,0.5,0,12,4.65012,-1.6214,0.42249,-0.0023019,1.57793e-05,0.422497,0,448,1
16.9032,0.463386,0,16.9096,3.48381,0.5,0,12,4.46658,-1.34133,0.426847,0.00184926,1.30463e-05,0.426851,0,449,1
16.8983,0.463422,0,16.9047,3.32046,0.5,0,12,4.2381,-1.06643,0.429936,0.00611741,9.65316e-06,0.42998,0,450,1
16.8935,0.463483,0,16.8998,3.13975,0.5,0,12,3.88336,-0.786147,0.431844,0.0105238,3.55365e-06,0.431972,0,451,1
16.8886,0.463568,0,16.8949,2.92914,0.5,0,12,3.646,-0.471771,0.432738,0.0150315,-5.29295e-06,0.432999,0,452,1
16.8837,0.463677,0,16.89,2.68661,0.5,0,12,3.71242,-0.0888594,0.432924,0.0194457,-1.40645e-05,0.433361,0,453,1
16.8788,0.463809,0,16.8852,2.47846,0.5,0,12,3.68908,0.335087,0.432853,0.0234859,-1.94728e-05,0.43349,0,454,1
16.8739,0.463966,0,16.8803,2.41591,0.5,0,12,3.25092,0.702198,0.432887,0.027347,-1.98869e-05,0.43375,0,455,1
16.869,0.464158,0,16.8754,2.46865,0.5,0,12,2.52479,1.04134,0.432889,0.0318163,-1.2069e-05,0.434057,0,456,1
16.8641,0.464396,0,16.8705,2.51881,0.5,0,12,1.87149,1.49897,0.432378,0.0369344,7.84984e-06,0.433952,0,457,1
16.8592,0.464687,0,16.8656,2.67146,0.5,0,12,1.48842,2.08891,0.431006,0.0422267,3.92995e-05,0.43307,0,458,1
16.8543,0.465045,0,16.8608,3.09393,0.5,0,12,1.53358,2.75492,0.428552,0.0476516,8.12009e-05,0.431193,0,459,1
16.8494,0.465488,0,16.8559,3.5142,0.5,0,12,2.30688,3.49281,0.424709,0.0532607,0.000136461,0.428036,0,460,1
16.8492,0.465517,0,16.8556,3.5377,0.5,0,12,2.40278,3.5377,0.424403,0.0536045,0.000140705,0.427775,0,461,1
16.8446,0.465994,0,16.851,4.41103,0.5,0,12,4.29787,4.41103,0.415184,0.0587378,0.000193876,0.419319,0,462,1
16.6343,0.464278,0,16.6408,19.1058,0.5,0,12,251.206,-17.9482,0.105187,-0.477638,7.66188e-05,0.489084,0,463,1
16.6368,0.465517,0,16.6433,18.0338,0.5,0,12,259.872,-18.0338,0.0618506,-0.482118,9.10194e-05,0.486069,0,464,1
16.6392,0.466723,0,16.6457,17.2617,0.5,0,12,273.028,-17.2617,0.0301982,-0.482148,9.62325e-05,0.483092,0,465,1
17.226,-0.473339,0,17.2325,7.42102,0.5,0,12,4.64774,-7.42102,0.0078015,-0.0294995,0.000787844,0.0305239,0,466,1
17.0402,0.470227,0,17.0467,3.45605,0.5,0,12,11.4709,-3.13264,0.0545699,-0.0798853,5.83357e-05,0.0967448,0,467,1
17.0353,0.469807,0,17.0418,4.52891,0.5,0,12,9.92477,-3.63308,0.0673364,-0.0802099,7.22457e-05,0.104727,0,468,1
17.0425,0.470443,0,17.049,2.81854,0.5,0,12,12.3933,-2.81854,0.0487676,-0.079284,6.33606e-05,0.0930819,0,469,1
17.0451,0.470683,0,17.0516,2.22028,0.5,0,12,13.5779,-2.22028,0.0432908,-0.0787241,6.97954e-05,0.089842,0,470,1
17.0304,0.469428,0,17.0369,5.26365,0.5,0,12,8.96454,-3.90932,0.081126,-0.0798814,7.08577e-05,0.113853,0,471,1
17.0255,0.469088,0,17.032,5.58722,0.5,0,12,10.56,-3.95235,0.0969367,-0.079296,3.65318e-05,0.125238,0,472,1
17.0206,0.46878,0,17.0271,5.29623,0.5,0,12,16.6621,-3.98384,0.116194,-0.0788164,-7.91662e-06,0.140403,0,473,1
17.0157,0.468485,0,17.0222,4.49167,0.5,0,12,21.8226,-4.21689,0.138664,-0.0771836,-2.55883e-05,0.158698,0,474,1
17.0108,0.468177,0,17.0173,4.42837,0.5,0,12,20.6218,-4.42837,0.161408,-0.0740181,-2.8055e-06,0.17757,0,475,1
17.0059,0.467855,0,17.0124,4.5309,0.5,0,12,16.4097,-4.5309,0.182268,-0.0708359,5.17406e-05,0.195549,0,476,1
17.001,0.467521,0,17.0075,4.75704,0.5,0,12,13.262,-4.73807,0.200937,-0.0680291,0.000122832,0.212141,0,477,1
16.9962,0.467174,0,17.0026,5.22144,0.5,0,12,11.111,-5.10606,0.217527,-0.0652947,0.000188187,0.227116,0,478,1
16.9913,0.466816,0,16.9977,5.77024,0.5,0,12,9.04756,-5.55568,0.232328,-0.0623671,0.000229365,0.240554,0,479,1
16.9864,0.466448,0,16.9928,6.22436,0.5,0,12,7.1622,-6.00109,0.245705,-0.05924,0.000246761,0.252745,0,480,1
16.9815,0.46607,0,16.9879,6.56689,0.5,0,12,5.53874,-6.40022,0.258014,-0.0560399,0.000250193,0.26403,0,481,1
16.8397,0.466503,0,16.8461,5.33463,0.5,0,12,7.52717,5.33463,0.403321,0.0644556,0.000270073,0.408439,0,482,1
16.8348,0.467013,0,16.8413,6.22685,0.5,0,12,12.2268,6.22685,0.389566,0.0705464,0.000348632,0.395902,0,483,1
16.8299,0.467517,0,16.8364,7.09138,0.5,0,12,17.5963,7.09138,0.374213,0.0771127,0.000381848,0.382076,0,484,1
16.825,0.468012,0,16.8315,7.86846,0.5,0,12,23.3811,7.86846,0.357341,0.084089,0.000354521,0.367102,0,485,1
16.8201,0.468494,0,16.8266,8.48269,0.5,0,12,29.6718,8.48269,0.339737,0.0921742,0.000301735,0.352019,0,486,1
16.8152,0.468985,0,16.8218,9.47489,0.5,0,12,33.4635,9.47489,0.322353,0.102271,0.000245039,0.338188,0,487,1
16.8103,0.46957,0,16.8169,11.3192,0.5,0,12,33.0557,11.3192,0.30407,0.111891,0.000184326,0.324004,0,488,1
16.8054,0.470326,0,16.812,13.7047,0.5,0,12,33.1693,13.7047,0.282839,0.119347,0.000121741,0.306988,0,489,1
16.8048,0.470443,0,16.8114,14.0269,0.5,0,12,33.7455,14.0269,0.279667,0.120206,0.00011402,0.304407,0,490,1
16.8005,0.471193,0,16.8071,15.3221,0.5,0,12,37.4834,15.3221,0.253718,0.124927,6.94442e-05,0.282807,0,491,1
16.6441,0.468648,0,16.6506,18.2094,0.5,0,12,281.906,-14.9635,-0.0473077,-0.491594,9.89204e-05,0.493865,0,492,1
16.6484,0.470443,0,16.655,13.6999,0.5,0,12,284.726,-13.6999,-0.126323,-0.498473,9.5613e-05,0.51423,0,493,1
16.6489,0.470721,0,16.6556,13.3741,0.5,0,12,288.332,-13.3741,-0.134487,-0.4977,9.2818e-05,0.515551,0,494,1
17.2309,-0.473178,0,17.2374,7.64079,0.5,0,12,4.29876,-7.64079,0.0175138,-0.0290095,0.00126042,0.0339098,0,495,1
17.2162,0.473585,0,17.2227,8.14283,0.5,0,12,3.7149,8.14283,-0.0156902,0.0320223,-0.00218678,0.0357266,0,496,1
17.2113,0.47369,0,17.2178,8.29038,0.5,0,12,2.6745,8.29038,-0.025953,0.0310828,-0.00223238,0.0405547,0,497,1
17.2211,0.47348,0,17.2276,7.96368,0.5,0,12,3.23897,7.96368,-0.00438807,0.0333586,-0.00258388,0.0337451,0,498,1
17.2064,0.473796,0,17.213,8.63351,0.5,0,12,1.73664,8.63351,-0.0333403,0.0293143,-0.0015979,0.0444236,0,499,1
17.2015,0.473904,0,17.2081,8.85006,0.5,0,12,1.29429,8.85006,-0.0394945,0.0274717,-0.000791744,0.0481159,0,500,1
17.1967,0.474013,0,17.2032,9.09653,0.5,0,12,1.29079,9.09653,-0.0457111,0.0266477,-0.00250719,0.0529706,0,501,1
17.1918,0.474119,0,17.1983,9.36597,0.5,0,12,1.2122,9.36597,-0.0536228,0.0259801,-0.00349085,0.0596871,0,502,1
17.1869,0.474222,0,17.1934,9.73071,0.5,0,12,-0.472142,9.73071,-0.0619065,0.0248287,-0.000352308,0.0667008,0,503,1
17.182,0.474319,0,17.1885,10.1496,0.5,0,12,-1.49844,10.1496,-0.0698663,0.022952,0.00181544,0.0735621,0,504,1
17.1771,0.47441,0,17.1836,10.5462,0.5,0,12,-2.82258,10.5462,-0.0776416,0.0204044,-0.000896914,0.080283,0,505,1
17.1722,0.474492,0,17.1788,10.8506,0.5,0,12,-4.21375,10.8506,-0.0855073,0.0171396,-0.00268125,0.0872494,0,506,1
17.1673,0.474565,0,17.1739,10.9863,0.5,0,12,-5.65705,10.9863,-0.0930296,0.0132986,0.00095337,0.0939802,0,507,1
17.1624,0.474624,0,17.169,10.9602,0.5,0,12,-5.36055,10.9602,-0.0998088,0.00945612,0.00369938,0.100324,0,508,1
17.1575,0.474668,0,17.1641,10.9413,0.5,0,12,-5.0393,10.9413,-0.10572,0.00586216,0.000298544,0.105883,0,509,1
17.1526,0.474694,0,17.1592,11.0689,0.5,0,12,-4.31211,11.0689,-0.110358,0.00216278,-0.00284525,0.110416,0,510,1
17.1478,0.474701,0,17.1543,11.139,0.5,0,12,-3.97179,11.139,-0.114507,-0.00167374,-0.000305985,0.114519,0,511,1
17.1429,0.474689,0,17.1494,11.1008,0.5,0,12,-4.08532,11.1008,-0.118385,-0.00627407,0.00287451,0.118586,0,512,1
17.138,0.474657,0,17.1445,10.7514,0.5,0,12,-3.04004,10.7514,-0.121773,-0.0117104,0.00232278,0.122357,0,513,1
17.1331,0.474606,0,17.1397,10.2828,0.5,0,12,-1.86082,10.2828,-0.124871,-0.0171042,0.000504221,0.126038,0,514,1
17.1282,0.474535,0,17.1348,9.76174,0.5,0,12,-0.389977,9.76174,-0.127201,-0.0224526,-9.73491e-06,0.129168,0,515,1
17.1233,0.474445,0,17.1299,9.24669,0.5,0,12,-0.348943,9.24669,-0.12832,-0.0279687,0.000297033,0.131333,0,516,1
17.1184,0.474338,0,17.125,8.77816,0.5,0,12,-0.153767,8.71814,-0.128325,-0.0337977,0.000310825,0.132702,0,517,1
17.1135,0.474215,0,17.1201,8.67217,0.5,0,12,-0.389455,8.16302,-0.127259,-0.039964,-3.79004e-05,0.133386,0,518,1
17.1086,0.474079,0,17.1152,8.79191,0.5,0,12,-0.612412,7.51743,-0.124669,-0.046176,-0.00022826,0.132946,0,519,1
17.1037,0.47393,0,17.1103,8.86517,0.5,0,12,-0.289777,6.79482,-0.120054,-0.0518351,-0.00010068,0.130767,0,520,1
17.0989,0.473773,0,17.1054,8.49985,0.5,0,12,4.35194,5.9564,-0.111584,-0.0565062,9.67644e-05,0.125076,0,521,1
17.094,0.473608,0,17.1005,7.52291,0.5,0,12,12.1632,5.16112,-0.0980258,-0.0597532,0.000175509,0.114802,0,522,1
17.0891,0.47343,0,17.0956,6.40184,0.5,0,12,17.4604,4.55448,-0.0816416,-0.0621225,0.000207277,0.102589,0,523,1
17.0842,0.47323,0,17.0907,5.34381,0.5,0,12,20.1193,4.00281,-0.064448,-0.0641964,0.000302316,0.090966,0,524,1
17.0793,0.473008,0,17.0858,4.34393,0.5,0,12,21.1942,3.43468,-0.0474402,-0.0659786,0.000413532,0.0812645,0,525,1
17.0744,0.472762,0,17.0809,3.49121,0.5,0,12,21.18,2.83839,-0.0316344,-0.0677712,0.000435686,0.0747921,0,526,1
17.0695,0.47249,0,17.076,2.72902,0.5,0,12,20.8708,2.20597,-0.0170715,-0.069522,0.000376375,0.0715883,0,527,1
17.0646,0.472192,0,17.0712,1.9544,0.5,0,12,20.3792,1.50383,-0.00342933,-0.071439,0.000312416,0.071522,0,528,1
17.0597,0.471864,0,17.0663,1.37799,0.5,0,12,19.3573,0.6814,0.00943389,-0.0733551,0.000265017,0.0739598,0,529,1
17.0548,0.471504,0,17.0614,1.3392,0.5,0,12,17.7615,-0.205774,0.0214405,-0.0750951,0.000201125,0.0780962,0,530,1
17.0499,0.471112,0,17.0565,1.35163,0.5,0,12,15.8057,-1.13878,0.0326537,-0.0769751,0.000123025,0.0836148,0,531,1
16.7957,0.471989,0,16.8023,16.5034,0.5,0,12,46.7018,16.5034,0.220926,0.130536,3.32134e-05,0.256609,0,532,1
16.7908,0.472715,0,16.7974,17.0521,0.5,0,12,66.5224,17.0521,0.185529,0.137721,1.06045e-05,0.231059,0,533,1
16.7859,0.473374,0,16.7925,17.1042,0.5,0,12,95.0962,17.1042,0.149143,0.149945,-2.49857e-06,0.211488,0,534,1
16.781,0.474029,0,16.7877,18.5699,0.5,0,12,107.855,18.5699,0.112367,0.167929,-1.05483e-05,0.202056,0,535,1
16.7761,0.474831,0,16.7828,22.6868,0.5,0,12,91.3717,22.6868,0.0711067,0.182624,-1.29079e-05,0.195978,0,536,1
16.7734,0.475369,0,16.7802,25.4781,0.5,0,12,80.3228,25.4781,0.0451813,0.186532,-1.01126e-05,0.191926,0,537,1
16.7712,0.475846,0,16.778,26.6638,0.5,0,12,72.2066,26.6638,0.0207231,0.187834,-1.42648e-06,0.188974,0,538,1
16.6587,0.47419,0,16.6655,15.0257,0.5,0,12,294.966,-2.99282,-0.295698,-0.492909,9.56134e-05,0.574801,0,539,1
16.6538,0.472659,0,16.6605,15.9924,0.5,0,12,320.173,-8.93933,-0.206538,-0.491688,7.84771e-05,0.533305,0,540,1
16.662,0.475369,0,16.6688,14.7465,0.5,0,12,288.619,1.22422,-0.357823,-0.48278,0.000112003,0.600928,0,541,1
16.6636,0.476005,0,16.6704,15.8515,0.5,0,12,299.935,2.93925,-0.381856,-0.473125,0.00011275,0.607998,0,542,1
17.226,0.473372,0,17.2325,7.40457,0.5,0,12,3.80588,7.40457,0.00647609,0.0342005,-0.00419258,0.0350599,0,543,1
17.2309,0.473262,0,17.2374,6.88062,0.5,0,12,6.39643,6.88062,0.0171914,0.0329166,-0.00514027,0.0374896,0,544,1
17.2358,-0.473132,0,17.2423,7.71036,0.5,0,12,3.54312,-7.71036,0.0289722,-0.0300379,0.00124622,0.0417518,0,545,1
17.2358,0.473193,0,17.2423,6.77949,0.5,0,12,7.36267,6.77949,0.0281363,0.0312178,-0.00388194,0.0422051,0,546,1
16.7663,0.47678,0,16.7731,28.3711,0.5,0,12,77.0578,28.3711,-0.0357772,0.18847,1.53684e-05,0.191836,0,547,1
16.7614,0.477586,0,16.7682,28.8906,0.5,0,12,114.787,28.8906,-0.0968613,0.190614,2.78165e-05,0.213812,0,548,1
16.7565,0.47828,0,16.7634,28.5139,0.5,0,12,181.258,28.5139,-0.159246,0.201529,4.28872e-05,0.256852,0,549,1
16.7516,0.478941,0,16.7585,31.0939,0.5,0,12,195.803,31.0939,-0.221267,0.22206,6.22988e-05,0.31348,0,550,1
16.7467,0.479708,0,16.7536,38.5512,0.5,0,12,116.278,38.5512,-0.289612,0.232933,7.43371e-05,0.371663,0,551,1
16.7435,0.480296,0,16.7504,44.4143,0.5,0,12,52.0376,44.4143,-0.340693,0.228954,8.02622e-05,0.410478,0,552,1
16.7419,0.480616,0,16.7488,45.9694,0.5,0,12,24.7556,45.6332,-0.365544,0.223942,8.37121e-05,0.428686,0,553,1
16.6783,0.479769,0,16.6852,31.5694,0.5,0,12,6.97783,26.6796,-0.627872,-0.400861,0.000127009,0.744925,0,554,1
16.6734,0.478651,0,16.6803,27.0766,0.5,0,12,161.996,14.636,-0.543646,-0.428447,0.00010824,0.692184,0,555,1
16.6804,0.480296,0,16.6873,35.4607,0.5,0,12,-46.8579,32.2315,-0.659421,-0.377021,0.000134307,0.759592,0,556,1
16.6832,0.480997,0,16.6901,41.3858,0.5,0,12,-91.2192,36.1765,-0.687033,-0.33899,0.000145664,0.766113,0,557,1
16.6685,0.477526,0,16.6753,20.0751,0.5,0,12,291.356,7.41357,-0.457617,-0.443957,0.000105383,0.637582,0,558,1
17.2407,-0.472373,0,17.2471,7.36636,0.5,0,11.5,2.71479,-7.36636,0.04692,-0.0288111,0.000238663,0.0550602,0,559,1
17.2387,0.472164,0,17.2452,6.7357,0.5,0,11.7203,7.12459,6.7357,0.0394701,0.0283027,-0.00232268,0.0486244,0,560,1
17.2382,0.472174,0,17.2447,6.74337,0.5,0,11.7203,7.27427,6.74337,0.0379938,0.02853,-0.00233228,0.0475702,0,561,1
16.737,0.481414,0,16.7439,49.1564,0.5,0,12,-33.6577,48.0632,-0.439891,0.202363,9.62851e-05,0.484206,0,562,1
16.7321,0.482049,0,16.739,51.7052,0.5,0,12,-100.679,49.9383,-0.517903,0.176235,0.000107506,0.547068,0,563,1
16.7272,0.48254,0,16.7341,53.8621,0.5,0,12,-183.338,51.1544,-0.596577,0.145948,0.000115934,0.61417,0,564,1
16.7223,0.482904,0,16.7293,55.8278,0.5,0,12,-285.445,51.6832,-0.67183,0.110539,0.000124053,0.680863,0,565,1
16.7174,0.483149,0,16.7244,57.5074,0.5,0,12,-383.503,51.4431,-0.73807,0.0690029,0.000133954,0.741289,0,566,1
16.7125,0.483279,0,16.7195,58.6352,0.5,0,12,-451.746,50.4189,-0.788489,0.021353,0.000145485,0.788778,0,567,1
16.7076,0.483293,0,16.7146,59.0105,0.5,0,12,-464.508,48.8427,-0.817065,-0.0304241,0.000156837,0.817631,0,568,1
16.7027,0.483184,0,16.7097,58.5412,0.5,0,12,-408.7,47.0026,-0.822116,-0.0841895,0.000165524,0.826416,0,569,1
16.6978,0.482937,0,16.7048,57.2071,0.5,0,12,-321.079,45.0629,-0.806264,-0.139972,0.000169201,0.818323,0,570,1
16.693,0.482525,0,16.6999,54.8133,0.5,0,12,-242.13,43.0263,-0.774194,-0.199991,0.000166725,0.799608,0,571,1
16.6881,0.481903,0,16.695,50.259,0.5,0,12,-169.738,40.4183,-0.732026,-0.266559,0.000158536,0.779048,0,572,1
17.2426,-0.471826,0,17.2491,7.33303,0.5,0,11.5,2.50116,-7.33303,0.0492371,-0.0287895,-0.000361902,0.0570374,0,573,1
17.243,-0.471813,0,17.2495,7.31928,0.5,0,11.5,2.43511,-7.31928,0.0500964,-0.0288493,-0.000574188,0.0578123,0,574,1
17.2407,0.471358,0,17.2471,6.60414,0.5,0,11.5,7.36782,6.60414,0.0472973,0.026035,-0.00102134,0.0539991,0,575,1
17.2456,0.471275,0,17.252,6.49196,0.5,0,11.5,6.79871,6.49196,0.054457,0.02361,4.98566e-05,0.0593549,0,576,1
17.2456,-0.471263,0,17.252,7.29329,0.5,0,11.5,2.22575,-7.29329,0.0520005,-0.028581,-0.0012513,0.0593506,0,577,1
17.2476,-0.471952,0,17.254,7.31125,0.5,0,11.7294,2.02547,-7.31125,0.0568288,-0.0294602,-0.00151517,0.064029,0,578,1
17.248,-0.471939,0,17.2545,7.27652,0.5,0,11.7294,2.11824,-7.27652,0.0576192,-0.02947,-0.00145264,0.0647346,0,579,1
17.2476,0.471968,0,17.254,6.83486,0.5,0,11.729,4.47441,6.83486,0.0594671,0.0227797,0.000472861,0.0636826,0,580,1
17.248,0.471955,0,17.2545,6.86177,0.5,0,11.729,4.26925,6.86177,0.0601426,0.0226697,0.000593886,0.0642759,0,581,1
17.2505,-0.472755,0,17.2569,7.35095,0.5,0,12,1.70369,-7.35095,0.0634969,-0.0305224,-0.0016262,0.0704707,0,582,1
17.2553,-0.472714,0,17.2618,7.05365,0.5,0,12,2.00794,-7.05365,0.0697875,-0.0301408,-0.00192362,0.0760425,0,583,1
17.2505,0.472778,0,17.2569,7.26998,0.5,0,12,1.59532,7.26998,0.0662044,0.0218215,0.00117308,0.0697178,0,584,1
17.2553,0.47267,0,17.2618,7.37812,0.5,0,12,-0.67643,7.37812,0.0678611,0.0242972,0.000174996,0.0720799,0,585,1
17.2578,-0.471808,0,17.2643,6.5572,0.5,0,11.7724,1.64125,-6.5572,0.0753214,-0.0301139,-0.00186763,0.0811397,0,586,1
17.258,-0.471806,0,17.2644,6.53414,0.5,0,11.7724,1.67486,-6.53414,0.0755352,-0.0301496,-0.00184923,0.081351,0,587,1
17.2602,0.471488,0,17.2667,6.25424,0.5,0,11.5,1.03535,6.25424,0.0802994,0.0243917,-0.000957844,0.0839278,0,588,1
17.2602,-0.470725,0,17.2667,6.05626,0.5,0,11.5,0.80717,-6.05626,0.0808657,-0.0301427,-0.00188989,0.0863216,0,589,1
17.2651,-0.470669,0,17.2715,5.37553,0.5,0,11.5,2.92397,-5.37553,0.0837802,-0.0284491,-0.000621093,0.0884809,0,590,1
17.2626,0.471417,0,17.269,6.13502,0.5,0,11.5,1.48174,6.13502,0.082538,0.0242016,-0.00163025,0.0860284,0,591,1
17.2621,0.471385,0,17.2685,6.16443,0.5,0,11.5,1.35678,6.16443,0.0819255,0.0242642,-0.00139725,0.0854546,0,592,1
17.2676,-0.469111,0,17.2739,5.26983,0.5,0,11.2704,1.25725,-5.26983,0.0881535,-0.0248144,-0.000272295,0.0915798,0,593,1
17.2654,-0.470443,0,17.2718,5.32759,0.5,0,11.4442,2.83798,-5.32759,0.0841325,-0.0281679,-0.000654683,0.0887251,0,594,1
17.2651,0.471215,0,17.2716,6.02269,0.5,0,11.5,1.82582,6.02269,0.0842063,0.0241559,-0.00194987,0.0876242,0,595,1
17.2665,0.470443,0,17.2729,5.95396,0.5,0,11.2157,1.43573,5.95396,0.08743,0.0236005,-0.000526692,0.0905609,0,596,1
17.268,0.470175,0,17.2744,5.85897,0.5,0,11.1546,1.27646,5.85897,0.0896345,0.0233411,-0.000180851,0.0926238,0,597,1
17.27,-0.470443,0,17.2764,5.29479,0.5,0,11.4973,0.362519,-5.29479,0.0868937,-0.0256494,0.00254677,0.0906361,0,598,1
17.27,-0.470453,0,17.2764,5.29499,0.5,0,11.5,0.360271,-5.29499,0.0869141,-0.0256493,0.00255581,0.0906558,0,599,1
17.2702,-0.470443,0,17.2767,5.27915,0.5,0,11.5,0.417152,-5.27915,0.0870197,-0.0256783,0.0024399,0.090762,0,600,1
17.2749,-0.470302,0,17.2813,4.99939,0.5,0,11.5288,1.46301,-4.99939,0.0894816,-0.0260955,0.000137031,0.0932091,0,601,1
17.27,0.469945,0,17.2764,5.74596,0.5,0,11.1011,1.10768,5.74596,0.092088,0.0228157,0.000224566,0.0948726,0,602,1
17.2681,0.470123,0,17.2745,5.85412,0.5,0,11.1427,1.24218,5.85412,0.0899531,0.0232926,-6.46774e-05,0.0929199,0,603,1
17.2749,0.469818,0,17.2813,5.5686,0.5,0,11.127,0.708957,5.5686,0.0947289,0.0223035,-2.9738e-05,0.0973192,0,604,1
17.2752,-0.470443,0,17.2816,4.89444,0.5,0,11.5542,1.70959,-4.89444,0.0892368,-0.0259707,0.000204536,0.0929394,0,605,1
17.2774,-0.471437,0,17.2839,4.2797,0.5,0,11.8207,3.36155,-4.2797,0.0917225,-0.0244062,-0.000226931,0.0949144,0,606,1
17.2768,0.470096,0,17.2832,5.5289,0.5,0,11.1342,0.528756,5.5289,0.0950843,0.0218251,-0.000168326,0.0975571,0,607,1
17.2772,0.470229,0,17.2836,5.51839,0.5,0,11.1695,0.431401,5.51839,0.0948549,0.0220899,9.79445e-06,0.0973931,0,608,1
17.2775,-0.471471,0,17.2839,4.26695,0.5,0,11.8293,3.37903,-4.26695,0.0918044,-0.0243754,-0.000211835,0.0949856,0,609,1
17.2798,-0.472085,0,17.2862,3.70226,0.5,0,12,4.95928,-3.70226,0.094435,-0.0228761,-0.000963761,0.097171,0,610,1
17.2847,-0.471972,0,17.2911,3.65524,0.5,0,12,4.96696,-3.65524,0.0986534,-0.0155258,-0.000707093,0.0998702,0,611,1
17.2783,0.470443,0,17.2847,5.49286,0.5,0,11.1924,0.287297,5.49286,0.0948819,0.0219963,3.82606e-05,0.0973983,0,612,1
17.2798,0.471269,0,17.2862,5.40877,0.5,0,11.5,-0.0739566,5.40877,0.0962372,0.0231958,0.000827587,0.0989967,0,613,1
17.2896,-0.471872,0,17.296,4.60794,0.5,0,12,1.38399,-4.60794,0.101186,-0.0122761,-0.000679124,0.10193,0,614,1
17.2815,0.471392,0,17.2879,5.33845,0.5,0,11.5,-0.0447081,5.33845,0.0966829,0.0230271,0.000403632,0.0993881,0,615,1
17.2823,0.471368,0,17.2887,5.30593,0.5,0,11.5,-0.00339923,5.30593,0.0969994,0.0231535,9.06521e-05,0.0997245,0,616,1
17.2847,0.471629,0,17.2911,5.20157,0.5,0,11.5,0.0111491,5.20157,0.0975239,0.0227203,-0.000420893,0.100136,0,617,1
17.2896,0.471866,0,17.296,4.54184,0.5,0,12,1.61059,4.54184,0.0994274,0.0283787,0.00145685,0.103408,0,618,1
17.2945,-0.47178,0,17.3009,5.39289,0.5,0,12,-2.02893,-5.39289,0.102403,-0.0135658,-0.000576444,0.103299,0,619,1
17.2945,0.472121,0,17.3009,3.53328,0.5,0,12,5.56019,3.53328,0.101786,0.0250443,0.000664356,0.104824,0,620,1
17.2994,-0.471694,0,17.3058,5.19709,0.5,0,12,-2.14968,-5.19709,0.10508,-0.0178663,-0.00088896,0.106592,0,621,1
17.2965,0.470443,0,17.3029,3.57475,0.5,0,11.5871,3.9841,3.57475,0.10307,0.021905,0.000940237,0.105376,0,622,1
17.3042,-0.471612,0,17.3107,4.03403,0.5,0,12,0.911345,-4.03403,0.108599,-0.0194488,-0.00060105,0.110329,0,623,1
17.2994,0.468889,0,17.3057,4.0697,0.5,0,11.3155,2.00241,4.0697,0.107223,0.0145402,0.000551816,0.108206,0,624,1
17.3042,0.468665,0,17.3106,4.61001,0.5,0,11.361,-0.0861541,4.61001,0.108227,0.0152504,0.000781864,0.109299,0,625,1
17.3091,-0.471536,0,17.3156,2.83616,0.5,0,12,2.62819,-2.83616,0.110264,-0.0163515,0.000151275,0.11147,0,626,1
17.3078,0.470443,0,17.3142,3.67837,0.5,0,11.7277,-0.0283783,3.67837,0.107184,0.0184546,0.000494271,0.108763,0,627,1
17.314,-0.471463,0,17.3204,2.35942,0.5,0,12,2.41548,-2.35942,0.110641,-0.0113775,-0.000177427,0.111224,0,628,1
17.3091,0.471551,0,17.3156,3.47312,0.5,0,12,0.144368,3.47312,0.109699,0.0181291,0.000363759,0.111187,0,629,1
17.3189,-0.471394,0,17.3253,2.64558,0.5,0,12,1.07579,-2.64558,0.111241,-0.0075566,-0.000728086,0.1115,0,630,1
17.314,0.471651,0,17.3204,2.83647,0.5,0,12,1.6038,2.83647,0.112056,0.0167369,0.000891011,0.113303,0,631,1
17.3161,0.471211,0,17.3225,2.54488,0.5,0,11.8958,1.98574,2.54488,0.112311,0.0156024,0.001118,0.113395,0,632,1
17.3162,0.471101,0,17.3226,2.53939,0.5,0,11.8706,1.97794,2.53939,0.112262,0.015474,0.00107667,0.113329,0,633,1
17.3238,-0.471552,0,17.3302,3.03816,0.5,0,12,0.304763,-3.03816,0.111984,-0.00690351,-0.00055384,0.112198,0,634,1
17.3178,0.470443,0,17.3242,2.33726,0.5,0,11.7207,2.17039,2.33726,0.112254,0.0141395,0.00110539,0.113146,0,635,1
17.3189,0.469859,0,17.3253,2.47774,0.5,0,11.6186,2.13751,2.47774,0.112951,0.0122627,0.00080964,0.113617,0,636,1
17.3238,0.469918,1.0842e-19,17.3302,2.36039,0.5,0,11.6067,2.21191,2.36039,0.112884,0.00818401,0.000786537,0.113183,0,637,1
17.3258,-0.471154,0,17.3322,2.9504,0.5,0,11.9046,0.445873,-2.9504,0.111448,-0.00755533,-2.28027e-06,0.111704,0,638,1
17.326,-0.471042,0,17.3324,2.9548,0.5,0,11.8792,0.451402,-2.9548,0.111339,-0.00770707,1.42031e-05,0.111605,0,639,1
17.3263,0.46855,0,17.3326,3.11719,0.5,0,11.3844,1.49776,3.11719,0.114071,0.00518239,0.000487858,0.11419,0,640,1
17.3275,-0.470443,0,17.3339,2.94076,0.5,0,11.7424,0.522246,-2.94076,0.110548,-0.00851986,0.000405849,0.110877,0,641,1
17.3287,-0.469809,0,17.3351,3.13698,0.5,0,11.6288,0.564816,-3.13698,0.111185,-0.00832671,0.000113059,0.111496,0,642,1
17.3336,-0.469722,0,17.34,2.95722,0.5,0,11.6465,0.670393,-2.95722,0.110686,-0.00701186,-0.000394287,0.110908,0,643,1
17.3287,0.469835,0,17.3351,3.01241,0.5,0,11.6234,0.665008,3.01241,0.112886,0.00422803,-0.000102436,0.112965,0,644,1
17.3336,0.469878,0,17.34,3.25242,0.5,0,11.6148,0.271376,3.25242,0.112683,0.00540147,0.000296191,0.112812,0,645,1
17.335,-0.470443,0,17.3414,2.51034,0.5,0,11.7975,0.676891,-2.51034,0.109227,-0.00651016,-0.000457553,0.109422,0,646,1
17.3365,-0.470887,0,17.3429,2.37783,0.5,0,11.9097,0.639956,-2.37783,0.109476,-0.0054728,-0.000857705,0.109616,0,647,1
17.336,0.468525,0,17.3424,3.57366,0.5,0,11.3894,0.704167,3.57366,0.113608,0.00493513,0.000264581,0.113715,0,648,1
17.3366,-0.470968,0,17.343,2.35184,0.5,0,11.9287,0.650159,-2.35184,0.109554,-0.00533546,-0.000876925,0.109687,0,649,1
17.3385,-0.47122,0,17.3449,2.26855,0.5,0,12,0.543155,-2.26855,0.109563,-0.0043931,-0.00145085,0.10966,0,650,1
17.3434,-0.471177,0,17.3498,2.14953,0.5,0,12,0.384668,-2.14953,0.10937,-0.00420839,-0.00113753,0.109457,0,651,1
17.3385,0.469806,0,17.3448,3.0243,0.5,0,11.6295,0.505369,3.0243,0.110227,0.00531981,0.000176873,0.110355,0,652,1
17.3434,0.469793,0,17.3497,2.94533,0.5,0,11.6321,0.254477,2.94533,0.109649,0.0049412,-0.000341951,0.109761,0,653,1
17.3483,-0.471157,0,17.3547,1.76375,0.5,0,12,0.641971,-1.76375,0.108582,-0.0034692,9.00216e-05,0.108638,0,654,1
17.3483,0.469781,0,17.3546,2.81662,0.5,0,11.6344,0.197865,2.81662,0.108595,0.00537538,0.000711614,0.10873,0,655,1
17.3531,-0.471143,0,17.3595,1.58842,0.5,0,12,0.648031,-1.58842,0.107282,-0.00157182,0.000168896,0.107294,0,656,1
17.3531,0.469687,0,17.3595,2.47006,0.5,0,11.6535,0.576126,2.47006,0.10705,0.00533928,0.00053818,0.107184,0,657,1
17.358,-0.471135,0,17.3644,1.71736,0.5,0,12,0.397774,-1.71736,0.105518,-0.000598233,-0.000375134,0.105521,0,658,1
17.3547,0.470443,0,17.361,1.83901,0.5,0,11.8106,0.577212,1.83901,0.105287,0.00479419,0.00131592,0.105404,0,659,1
17.3561,0.470863,0,17.3624,1.56515,0.5,0,11.9146,0.653747,1.56515,0.105464,0.0037936,0.00129057,0.10554,0,660,1
17.3629,-0.471138,0,17.3693,1.68068,0.5,0,12,0.280202,-1.68068,0.103635,-0.000707843,-0.000355118,0.103638,0,661,1
17.3561,0.470944,0,17.3625,1.5331,0.5,0,11.9334,0.654284,1.5331,0.105555,0.00365377,0.0013165,0.105626,0,662,1
17.358,0.471188,0,17.3644,1.22669,0.5,0,12,0.822379,1.22669,0.105418,0.00277657,0.00112485,0.105461,0,663,1
17.3629,0.471167,0,17.3693,0.764911,0.5,0,12,1.11242,0.764911,0.104706,-0.000347173,0.000516494,0.104708,0,664,1
17.3678,-0.471151,0,17.3742,1.3189,0.5,0,12,0.421733,-1.3189,0.101843,-0.000486932,-0.000501047,0.101845,0,665,1
17.3678,0.471172,0,17.3742,0.817336,0.5,0,12,1.13472,0.778869,0.102515,-0.00447387,-0.000815488,0.102616,0,666,1
17.3727,-0.471173,0,17.3791,0.859209,0.5,0,12,0.664195,-0.859209,0.0998515,0.00116955,-0.000539146,0.0998598,0,667,1
17.3727,0.471184,0,17.3791,1.23633,0.5,0,12,0.660073,1.23347,0.0999928,-0.00694341,-0.000863682,0.100237,0,668,1
17.3776,-0.4712,0,17.384,0.586962,0.5,0,12,0.91572,-0.554341,0.0976101,0.00434027,-0.000546224,0.0977081,0,669,1
17.3776,0.471204,0,17.384,1.55681,0.5,0,12,0.244102,1.55681,0.0971668,-0.00704305,-0.000646196,0.0974238,0,670,1
17.3825,-0.471231,0,17.3889,0.669631,0.5,0,12,1.11459,-0.585859,0.0950734,0.00822959,-0.000630984,0.095431,0,671,1
17.3825,0.47123,0,17.3889,1.55282,0.5,0,12,0.310482,1.55282,0.0941459,-0.00683531,-0.00031991,0.0943943,0,672,1
17.3874,-0.471268,0,17.3938,1.09396,0.5,0,12,0.998005,-1.08833,0.0919537,0.0114056,-0.000517694,0.0926598,0,673,1
17.3874,0.471262,0,17.3938,1.58311,0.5,0,12,0.646892,1.56712,0.0911871,-0.0074321,0.000291776,0.09149,0,674,1
17.3923,-0.471311,0,17.3987,1.90599,0.5,0,12,0.56293,-1.90599,0.0887208,0.0118938,-0.000703969,0.0895173,0,675,1
17.3923,0.471299,0,17.3987,1.79213,0.5,0,12,0.683968,1.79105,0.0881981,-0.00764431,0.000484494,0.08853,0,676,1
17.3972,-0.471357,0,17.4035,2.41713,0.5,0,12,0.289551,-2.41713,0.085614,0.00924029,-0.00103401,0.0861174,0,677,1
17.3972,0.471341,0,17.4035,1.89155,0.5,0,12,0.611844,1.89155,0.085408,-0.00681497,0.000572303,0.0856814,0,678,1
17.4021,-0.471403,0,17.4084,2.1409,0.5,0,12,0.517369,-2.1409,0.0827439,0.00646175,-0.0010439,0.0830024,0,679,1
17.4021,0.471388,0,17.4084,1.61416,0.5,0,12,0.763975,1.61416,0.0830023,-0.00645238,0.000565815,0.0832546,0,680,1
17.4069,-0.471452,0,17.4133,1.43306,0.5,0,12,0.943133,-1.43306,0.0803011,0.00689958,-0.000912002,0.0806021,0,681,1
17.4069,0.471439,0,17.4133,1.25176,0.5,0,12,0.980689,1.25176,0.0804515,-0.0078212,5.46623e-05,0.0808308,0,682,1
17.4118,-0.471506,0,17.4182,1.09072,0.5,0,12,1.29232,-1.09072,0.0777164,0.0103667,-0.000775539,0.0784086,0,683,1
17.4118,0.471493,0,17.4182,1.15749,0.5,0,12,1.18207,1.15749,0.077482,-0.0103636,-0.000103266,0.0781721,0,684,1
17.4167,-0.471565,0,17.4231,1.51575,0.5,0,12,1.47545,-1.51575,0.0746099,0.0140474,-0.000573178,0.075923,0,685,1
17.4167,0.471552,0,17.4231,1.37368,0.5,0,12,1.40091,1.37368,0.074163,-0.0130431,-2.47686e-05,0.0753012,0,686,1
17.4216,-0.471627,0,17.428,2.43868,0.5,0,12,1.38039,-2.43868,0.0711222,0.015133,-0.000373918,0.0727153,0,687,1
17.4216,0.471614,0,17.428,1.87648,0.5,0,12,1.49737,1.87648,0.0705777,-0.0150862,-0.000204539,0.0721723,0,688,1
17.4265,-0.471689,0,17.4329,3.11699,0.5,0,12,1.24052,-3.11699,0.0670974,0.0131454,-0.000132396,0.0683731,0,689,1
17.4265,0.471679,0,17.4329,2.54543,0.5,0,12,1.47759,2.54543,0.0667938,-0.015525,-0.000288527,0.068575,0,690,1
17.4314,-0.47175,0,17.4378,3.06586,0.5,0,12,1.228,-3.06586,0.0632833,0.0108405,0.000139952,0.0642052,0,691,1
17.4314,0.471743,0,17.4378,3.04748,0.5,0,12,1.30872,3.04748,0.0631035,-0.0143222,0.000114236,0.0647086,0,692,1
17.4363,-0.47181,0,17.4427,2.65219,0.5,0,12,1.06374,-2.65219,0.061409,0.0107862,0.00041903,0.0623505,0,693,1
17.4363,0.471806,0,17.4427,3.16664,0.5,0,12,1.28634,3.16664,0.0599407,-0.0128203,0.000487535,0.0612983,0,694,1
17.4412,-0.471871,0,17.4476,2.5991,0.5,0,12,1.13419,-2.5991,0.0598538,0.0122166,0.000651549,0.0610913,0,695,1
17.4412,0.471868,0,17.4476,3.12925,0.5,0,12,1.44306,3.12925,0.0567333,-0.0124248,-0.000170375,0.0580782,0,696,1
17.4461,-0.471933,0,17.4524,3.03214,0.5,0,12,1.87363,-3.03214,0.0556652,0.0131206,0.00072433,0.0571952,0,697,1
17.4461,0.47193,0,17.4524,3.19071,0.5,0,12,1.53826,3.19071,0.0540257,-0.0127626,-0.000736408,0.0555175,0,698,1
17.451,-0.471994,0,17.4573,3.5294,0.5,0,12,1.87625,-3.5294,0.0504855,0.0133483,0.00063795,0.0522243,0,699,1
17.451,0.471992,0,17.4573,3.43412,0.5,0,12,1.50813,3.43412,0.0513768,-0.0128565,-7.76202e-05,0.052961,0,700,1
17.4558,-0.472054,0,17.4622,3.58828,0.5,0,12,1.21026,-3.58828,0.0490314,0.0129167,0.000576561,0.0507075,0,701,1
17.4558,0.472053,0,17.4622,3.63867,0.5,0,12,1.55845,3.63867,0.0488025,-0.0123123,0.000537541,0.0503345,0,702,1
17.4607,-0.472113,0,17.4671,3.52003,0.5,0,12,1.22699,-3.52003,0.0485278,0.012753,0.000647131,0.0501797,0,703,1
17.4607,0.472112,0,17.4671,3.72434,0.5,0,12,1.62336,3.72434,0.0462616,-0.0120608,-6.14793e-05,0.047808,0,704,1
17.4656,-0.472171,0,17.472,3.81439,0.5,0,12,2.13143,-3.81439,0.0448706,0.0126905,0.000796015,0.0466375,0,705,1
17.4656,0.472169,0,17.472,3.84719,0.5,0,12,1.80678,3.84719,0.0436871,-0.012136,-0.000473436,0.0453439,0,706,1
17.4705,-0.472228,0,17.4769,4.24918,0.5,0,12,2.16429,-4.24918,0.0403321,0.0132289,0.000899381,0.0424558,0,707,1
17.4705,0.472224,0,17.4769,4.08277,0.5,0,12,1.80013,4.08277,0.0410014,-0.0124035,0.000371953,0.0428381,0,708,1
17.4754,-0.472282,0,17.4818,4.58269,0.5,0,12,1.53497,-4.58269,0.0388117,0.0129158,0.000916075,0.0409146,0,709,1
17.4754,0.472276,0,17.4818,4.4031,0.5,0,12,1.75175,4.4031,0.0384899,-0.0122548,0.00103657,0.040407,0,710,1
17.4803,-0.472334,0,17.4867,4.73993,0.5,0,12,1.45858,-4.73993,0.0380454,0.0117844,0.000775445,0.0398363,0,711,1
17.4803,0.472327,0,17.4867,4.64727,0.5,0,12,1.76269,4.64727,0.0361598,-0.0120323,0.000940503,0.0381207,0,712,1
17.4852,-0.472383,0,17.4916,4.81371,0.5,0,12,1.6287,-4.81371,0.0369673,0.0102978,0.000575479,0.0383791,0,713,1
17.4852,0.472374,0,17.4916,4.8,0.5,0,12,1.58951,4.8,0.0347496,-0.0115938,0.000973767,0.0366456,0,714,1
17.4901,-0.472428,0,17.4965,4.71148,0.5,0,12,1.86137,-4.71148,0.0363106,0.009454,0.000358135,0.0375229,0,715,1
17.4901,0.472419,0,17.4965,4.88015,0.5,0,12,1.59224,4.88015,0.0337098,-0.0110051,0.000992328,0.0354746,0,716,1
17.495,-0.47247,0,17.5013,4.5166,0.5,0,12,1.98101,-4.5166,0.0365034,0.00922536,6.24949e-05,0.0376511,0,717,1
17.495,0.472462,0,17.5013,4.98744,0.5,0,12,1.65846,4.98744,0.0324068,-0.0103578,0.000824047,0.0340318,0,718,1
17.4999,-0.47251,0,17.5062,4.43453,0.5,0,12,2.22374,-4.43453,0.0368614,0.00928681,-0.000495688,0.0380165,0,719,1
17.4999,0.472501,0,17.5062,5.08574,0.5,0,12,1.71277,5.08574,0.0312509,-0.00968957,0.000621933,0.0327245,0,720,1
17.5047,-0.472546,0,17.5111,4.56235,0.5,0,12,2.58428,-4.56235,0.0365765,0.00921328,-0.000816631,0.0377278,0,721,1
17.5047,0.472538,0,17.5111,5.17575,0.5,0,12,1.78481,5.17575,0.0301059,-0.00904055,0.000381363,0.0314363,0,722,1
17.5096,-0.472579,0,17.516,4.80039,0.5,0,12,3.18573,-4.80039,0.0359338,0.00881618,-0.000479637,0.0370026,0,723,1
17.5096,0.472572,0,17.516,5.24881,0.5,0,12,1.86831,5.24881,0.0291052,-0.00851113,0.000169093,0.0303245,0,724,1
17.5145,-0.47261,0,17.5209,5.07296,0.5,0,12,3.93613,-5.07296,0.0341549,0.00775992,1.15731e-05,0.0350254,0,725,1
17.5145,0.472602,0,17.5209,5.34729,0.5,0,12,1.92729,5.34729,0.0282437,-0.00815381,-2.18973e-05,0.0293971,0,726,1
17.5194,-0.472637,0,17.5258,5.20733,0.5,0,12,4.4517,-5.20733,0.0323333,0.0070144,0.000658739,0.0330919,0,727,1
17.5194,0.472629,0,17.5258,5.50291,0.5,0,12,1.89377,5.50291,0.0275173,-0.00775479,-0.000248593,0.0285903,0,728,1
17.5243,-0.472662,0,17.5307,5.32993,0.5,0,12,4.73133,-5.32993,0.0305827,0.00653384,0.00118517,0.0312953,0,729,1
17.5243,0.472653,0,17.5307,5.65737,0.5,0,12,1.81628,5.65737,0.0268659,-0.0070514,-0.000457022,0.0277796,0,730,1
17.5292,-0.472682,0,17.5356,5.48805,0.5,0,12,4.81174,-5.48805,0.0292113,0.00601051,0.00139207,0.0298557,0,731,1
17.5292,0.472675,0,17.5356,5.73828,0.5,0,12,1.80209,5.73828,0.0263785,-0.00621572,-0.000501281,0.0271056,0,732,1
17.5341,-0.472699,0,17.5405,5.68122,0.5,0,12,4.74925,-5.68122,0.0285575,0.0053865,0.00137232,0.0290935,0,733,1
17.5341,0.472693,0,17.5405,5.79282,0.5,0,12,1.829,5.79282,0.0261036,-0.00558772,-0.000469372,0.0266991,0,734,1
17.539,-0.472712,0,17.5454,5.91406,0.5,0,12,4.17448,-5.91406,0.0277709,0.0045433,0.00142716,0.0281763,0,735,1
17.539,0.472707,0,17.5454,5.91478,0.5,0,12,1.81196,5.91478,0.0260316,-0.00502235,-0.000392556,0.0265146,0,736,1
17.5439,-0.472722,0,17.5502,6.0166,0.5,0,12,3.78943,-6.0166,0.0276708,0.00308106,0.00128228,0.0278713,0,737,1
17.5439,0.472719,0,17.5502,6.09587,0.5,0,12,1.71652,6.09587,0.0262282,-0.00410168,-0.000290806,0.0265486,0,738,1
17.5488,-0.472729,0,17.5551,5.96581,0.5,0,12,3.47755,-5.96581,0.0276128,0.00223373,0.000544149,0.0277083,0,739,1
17.5488,0.472728,0,17.5551,6.21222,0.5,0,12,1.54647,6.21222,0.0266642,-0.00276183,-6.80049e-05,0.026807,0,740,1
17.5537,-0.472734,0,17.56,5.91068,0.5,0,12,3.01071,-5.91068,0.0288057,0.00180927,0.000381599,0.028865,0,741,1
17.5537,0.472733,0,17.56,6.18448,0.5,0,12,1.44353,6.18448,0.0272402,-0.00148464,0.00019436,0.0272814,0,742,1
17.5585,-0.472737,0,17.5649,5.86554,0.5,0,12,2.58521,-5.86554,0.030818,0.00139048,0.000797458,0.0308596,0,743,1
17.5585,0.472735,0,17.5649,6.09946,0.5,0,12,1.38453,6.09946,0.0280033,-0.00073262,0.000326874,0.0280148,0,744,1
17.5634,-0.472737,0,17.5698,5.82529,0.5,0,12,2.0483,-5.82529,0.0326481,0.000671853,0.00115616,0.0326754,0,745,1
17.5634,0.472735,0,17.5698,6.09336,0.5,0,12,1.23745,6.09336,0.0290084,-0.000377122,0.000407231,0.0290137,0,746,1
17.5683,-0.472735,0,17.5747,5.74406,0.5,0,12,1.99526,-5.74406,0.0342486,-0.000296528,0.00179309,0.0342968,0,747,1
17.5683,0.472732,0,17.5747,6.14396,0.5,0,12,0.939682,6.14396,0.0301673,7.30615e-06,0.000126528,0.0301676,0,748,1
17.5732,-0.472731,0,17.5796,5.69664,0.5,0,12,2.41839,-5.69664,0.0350585,-0.00100245,0.00222906,0.0351436,0,749,1
17.5732,0.472728,0,17.5796,6.16117,0.5,0,12,0.740575,6.16117,0.0313892,0.000483358,-0.000205779,0.0313936,0,750,1
17.5781,-0.472725,0,17.5845,5.68792,0.5,0,12,2.45465,-5.68792,0.0362634,-0.000926041,0.00217525,0.0363404,0,751,1
17.5781,0.472721,0,17.5845,6.16525,0.5,0,12,0.784614,6.16525,0.0328463,0.000933633,-0.000264056,0.0328606,0,752,1
17.583,-0.472715,0,17.5893,5.7548,0.5,0,12,2.17926,-5.7548,0.0379399,-0.000940803,0.00210481,0.0380099,0,753,1
17.583,0.472712,0,17.5893,6.17216,0.5,0,12,0.730423,6.17216,0.0345261,0.00144158,-0.000424345,0.0345588,0,754,1
17.5879,-0.472704,0,17.5942,5.85368,0.5,0,12,2.044,-5.85368,0.0394178,-0.00147354,0.00170043,0.0394819,0,755,1
17.5879,0.472701,0,17.5942,6.18134,0.5,0,12,0.780371,6.18134,0.0360661,0.00201104,-0.000532158,0.0361261,0,756,1
17.5928,-0.472689,0,17.5991,5.87818,0.5,0,12,2.04318,-5.87818,0.0402915,-0.00239304,0.000920143,0.040373,0,757,1
17.5928,0.472688,0,17.5991,6.21104,0.5,0,12,1.02987,6.21104,0.0374391,0.00265515,-0.000529524,0.0375368,0,758,1
17.5977,-0.472673,0,17.604,5.85654,0.5,0,12,1.86409,-5.85654,0.0407188,-0.00280195,-0.000458947,0.0408176,0,759,1
17.5977,0.472672,0,17.604,6.1799,0.5,0,12,1.12919,6.1799,0.0387873,0.00327819,-0.000713039,0.0389321,0,760,1
17.6026,-0.472655,0,17.6089,5.86108,0.5,0,12,1.51624,-5.86108,0.0424518,-0.00320418,-0.00137783,0.0425949,0,761,1
17.6026,0.472656,0,17.6089,6.04914,0.5,0,12,1.24914,6.04914,0.0402158,0.00358297,-0.000906439,0.0403853,0,762,1
17.6074,-0.472636,0,17.6138,5.85577,0.5,0,12,1.18785,-5.85577,0.044298,-0.0038081,-0.00167347,0.0444929,0,763,1
17.6074,0.472637,0,17.6138,5.92545,0.5,0,12,1.39833,5.92545,0.0422679,0.00361891,-0.000824525,0.0424306,0,764,1
17.6123,-0.472616,0,17.6187,5.80066,0.5,0,12,1.09526,-5.80066,0.0449952,-0.00447235,-0.00166477,0.0452475,0,765,1
17.6123,0.472618,0,17.6187,5.82006,0.5,0,12,1.07544,5.82006,0.0456606,0.00380501,-0.00087687,0.0458273,0,766,1
17.6172,-0.472595,0,17.6236,5.79972,0.5,0,12,0.901126,-5.79972,0.0450437,-0.00445682,-1.94502e-05,0.0452637,0,767,1
17.6172,0.472598,0,17.6236,5.67151,0.5,0,12,0.824556,5.67151,0.0491508,0.00422451,-0.00144174,0.0493531,0,768,1
17.6221,-0.472573,0,17.6285,5.88014,0.5,0,12,0.871086,-5.88014,0.0458539,-0.00439073,0.00146103,0.0460868,0,769,1
17.6221,0.472577,0,17.6285,5.50255,0.5,0,12,1.0293,5.50255,0.0515149,0.00468363,-0.00136243,0.0517454,0,770,1
17.627,-0.47255,0,17.6333,5.97558,0.5,0,12,0.824235,-5.97558,0.0468497,-0.00431849,0.00237193,0.0471081,0,771,1
17.627,0.472556,0,17.6333,5.41493,0.5,0,12,1.56087,5.41493,0.0528887,0.00479809,0.00020656,0.0531063,0,772,1
17.6319,-0.472526,0,17.6382,6.04354,0.5,0,12,0.630679,-6.04354,0.047454,-0.00466483,0.00307804,0.047782,0,773,1
17.6319,0.472533,0,17.6382,5.48239,0.5,0,12,2.49665,5.48239,0.0527346,0.00488901,0.00183666,0.0529926,0,774,1
17.6368,-0.472502,0,17.6431,5.99976,0.5,0,12,0.970684,-5.99976,0.0485398,-0.00511331,0.00252533,0.0488736,0,775,1
17.6368,0.47251,0,17.6431,5.56187,0.5,0,12,2.19779,5.56187,0.0518159,0.00363955,0.00324715,0.052045,0,776,1
17.6417,-0.472477,0,17.648,5.91028,0.5,0,12,1.24254,-5.91028,0.0509213,-0.0053272,0.00181234,0.0512313,0,777,1
17.6417,0.472485,0,17.648,5.77093,0.5,0,12,1.46057,5.77093,0.0536229,0.00222463,0.00393779,0.0538133,0,778,1
17.6466,-0.472452,0,17.6529,5.76667,0.5,0,12,1.12589,-5.76667,0.0539795,-0.00552355,0.00147592,0.0542814,0,779,1
17.6466,0.472458,0,17.6529,6.03633,0.5,0,12,1.19916,6.03633,0.0554047,0.00161925,0.00395059,0.055569,0,780,1
17.6515,-0.472427,0,17.6578,5.53107,0.5,0,12,0.42994,-5.53107,0.0576908,-0.00573671,0.00100962,0.0579841,0,781,1
17.6515,0.472431,0,17.6578,6.07872,0.5,0,12,1.00579,6.07872,0.056582,0.00257591,0.00365871,0.0567587,0,782,1
17.6563,-0.472402,0,17.6627,5.40536,0.5,0,12,0.0213295,-5.40536,0.0605696,-0.00587268,0.000408941,0.060855,0,783,1
17.6563,0.472407,0,17.6627,5.86763,0.5,0,12,0.818089,5.86763,0.0575855,0.00368831,0.0016949,0.0577284,0,784,1
17.6612,-0.472377,0,17.6676,5.58945,0.5,0,12,1.06599,-5.58945,0.0599885,-0.00640441,-0.000456961,0.0603311,0,785,1
17.6612,0.472383,0,17.6676,5.86283,0.5,0,12,1.03265,5.86283,0.0589587,0.00462129,-1.89071e-05,0.0591395,0,786,1
17.6661,-0.472352,0,17.6724,5.81551,0.5,0,12,0.998767,-5.81551,0.0582598,-0.00599679,-0.00214867,0.058607,0,787,1
17.6661,0.472358,0,17.6724,5.86037,0.5,0,12,1.09652,5.86037,0.0604379,0.00576262,-0.000781185,0.0607171,0,788,1
17.671,-0.472328,0,17.6773,5.87901,0.5,0,12,0.746298,-5.87901,0.0587983,-0.00597564,-0.00341956,0.0592001,0,789,1
17.671,0.472333,0,17.6773,5.56595,0.5,0,12,1.3131,5.56595,0.0612255,0.00645321,-0.000858265,0.0615706,0,790,1
17.6759,-0.472304,0,17.6822,5.79971,0.5,0,12,1.59571,-5.79971,0.0603373,-0.00547878,-0.00289919,0.0606549,0,791,1
17.6759,0.472309,0,17.6822,5.42733,0.5,0,12,1.25772,5.42733,0.0616192,0.00560558,0.00141948,0.0618899,0,792,1
17.6808,-0.47228,0,17.6871,5.68149,0.5,0,12,2.55547,-5.68149,0.0649222,-0.00476737,-0.00230238,0.0651377,0,793,1
17.6808,0.472286,0,17.6871,5.56383,0.5,0,12,0.753612,5.56383,0.0623706,0.00498384,0.00337559,0.0626604,0,794,1
17.6857,-0.472256,0,17.692,5.56393,0.5,0,12,2.45301,-5.56393,0.0683865,-0.00278154,-0.0014853,0.0684591,0,795,1
17.6857,0.472264,0,17.692,5.67405,0.5,0,12,0.844816,5.67405,0.0633843,0.00524715,0.00396582,0.0637246,0,796,1
17.6906,-0.472233,0,17.6969,5.93464,0.5,0,12,-0.161583,-5.93464,0.0676464,-0.00179388,-0.000411386,0.0676714,0,797,1
17.6906,0.472242,0,17.6969,5.61381,0.5,0,12,1.44445,5.61381,0.0640469,0.00533519,0.00424277,0.0644086,0,798,1
17.6955,-0.472211,0,17.7018,6.07315,0.5,0,12,-1.32897,-6.07315,0.0665394,-0.00395352,0.000497966,0.0666586,0,799,1
17.6955,0.472221,0,17.7018,5.55288,0.5,0,12,1.76343,5.55288,0.0651478,0.00431531,0.0031253,0.0653653,0,800,1
17.7004,-0.472191,0,17.7067,5.52608,0.5,0,12,0.103526,-5.52608,0.0693795,-0.00596965,0.000957982,0.0696424,0,801,1
17.7004,0.472201,0,17.7067,5.45535,0.5,0,12,1.28573,5.45535,0.068302,0.00360057,0.00205739,0.0684277,0,802,1
17.7053,-0.472172,0,17.7115,5.0707,0.5,0,12,1.01994,-5.0707,0.0727281,-0.00538323,0.000540634,0.072929,0,803,1
17.7053,0.472181,0,17.7115,5.33952,0.5,0,12,0.65264,5.33952,0.0715618,0.00337065,0.00107378,0.0716492,0,804,1
17.7101,-0.472155,0,17.7164,5.17053,0.5,0,12,1.66082,-5.17053,0.0723743,-0.00415912,-4.30672e-05,0.0724937,0,805,1
17.7101,0.472163,0,17.7164,5.33796,0.5,0,12,0.378966,5.33796,0.0730737,0.00335805,0.000178837,0.0731511,0,806,1
17.715,-0.472138,0,17.7213,5.62214,0.5,0,12,1.08346,-5.62214,0.0708557,-0.00278841,-0.0015087,0.0709266,0,807,1
17.715,0.472145,0,17.7213,5.42296,0.5,0,12,0.527507,5.42296,0.0737619,0.00351642,0.000519981,0.0738475,0,808,1
17.7199,-0.472116,0,17.7262,5.87136,0.5,0,12,0.131418,-5.87136,0.0708863,-0.00288708,-0.00285015,0.0710023,0,809,1
17.7199,0.472128,0,17.7262,5.53642,0.5,0,12,0.815676,5.53642,0.0732779,0.00399299,0.0011391,0.0733954,0,810,1
17.7248,-0.471954,0,17.7311,5.93675,0.5,0,12,-0.0837488,-5.93675,0.0703905,-0.00267124,-0.00370442,0.0705385,0,811,1
17.7248,0.472112,0,17.7311,5.55702,0.5,0,12,1.08388,5.55702,0.0724053,0.00341245,0.00208642,0.0725157,0,812,1
17.7297,-0.471675,0,17.736,5.9512,0.5,0,12,-0.413741,-5.9512,0.0708606,-0.00270362,-0.0049009,0.0710813,0,813,1
17.7297,0.472096,0,17.736,5.7448,0.5,0,12,1.1509,5.7448,0.0736782,0.0024324,0.00228772,0.0737539,0,814,1
17.7346,-0.471942,0,17.7409,5.73687,0.5,0,12,0.41172,-5.73687,0.0737157,-0.00295183,-0.00489272,0.0739368,0,815,1
17.7346,0.472082,0,17.7409,5.95466,0.5,0,12,0.62831,5.95466,0.0742921,0.00208507,0.000673816,0.0743244,0,816,1
17.7395,-0.472067,0,17.7458,5.67455,0.5,0,12,0.986427,-5.67455,0.0752376,-0.00336465,-0.00459555,0.0754529,0,817,1
17.7395,0.472069,0,17.7458,5.83128,0.5,0,12,0.208409,5.83128,0.0739703,0.00223072,-0.000621811,0.0740066,0,818,1
17.7444,-0.472055,0,17.7507,5.65692,0.5,0,12,1.14213,-5.65692,0.0760344,-0.0032124,-0.00339928,0.0761781,0,819,1
17.7444,0.472057,0,17.7507,5.68129,0.5,0,12,0.12846,5.68129,0.0739838,0.00157806,-0.000976041,0.0740071,0,820,1
17.7493,-0.472045,0,17.7555,5.64756,0.5,0,12,1.63165,-5.64756,0.0753655,-0.00270421,-0.00187476,0.0754373,0,821,1
17.7493,0.472041,0,17.7555,5.96151,0.5,0,12,0.449329,5.96151,0.0753858,0.00155772,-0.000590325,0.0754042,0,822,1
17.7542,-0.472036,0,17.7604,5.73601,0.5,0,12,1.43184,-5.73601,0.0744073,-0.00136638,0.000846921,0.0744247,0,823,1
17.7542,0.471875,0,17.7604,6.22369,0.5,0,12,0.741651,6.22369,0.0760119,0.00161,0.00111835,0.0760372,0,824,1
17.759,-0.472029,0,17.7653,6.0231,0.5,0,12,0.555667,-6.0231,0.0762476,-0.000179729,0.00259874,0.0762921,0,825,1
17.759,0.47159,0,17.7653,6.21342,0.5,0,12,0.411372,6.21342,0.0748463,0.00126005,0.00300781,0.0749173,0,826,1
17.7639,-0.472021,0,17.7702,6.2839,0.5,0,12,-0.0322785,-6.2839,0.078197,-0.000376962,3.93301e-05,0.0781979,0,827,1
17.7639,0.47188,0,17.7702,6.02511,0.5,0,12,0.650766,6.02511,0.0753425,0.00130413,0.00363864,0.0754416,0,828,1
17.7688,-0.472014,0,17.7751,6.21737,0.5,0,12,0.0704623,-6.21737,0.0789166,-0.00132073,-0.00277121,0.0789763,0,829,1
17.7688,0.472009,0,17.7751,5.99502,0.5,0,12,0.945244,5.99502,0.0770499,0.00115086,0.004038,0.0771642,0,830,1
17.7737,-0.472009,0,17.78,5.97792,0.5,0,12,0.945182,-5.97792,0.0800232,-0.00106679,-0.00347571,0.0801058,0,831,1
17.7737,0.471842,0,17.78,6.13391,0.5,0,12,1.06175,6.13391,0.078873,0.00108054,0.00410321,0.0789871,0,832,1
17.7786,-0.472005,0,17.7849,5.96606,0.5,0,12,1.44977,-5.96606,0.0815704,0.00018366,-0.00336108,0.0816398,0,833,1
17.7786,0.471559,0,17.7849,6.15523,0.5,0,12,1.06433,6.15523,0.0799979,0.00156111,0.00404239,0.0801152,0,834,1
17.7835,-0.472003,0,17.7898,5.99929,0.5,0,12,1.30598,-5.99929,0.0819821,0.00141036,-0.000630062,0.0819967,0,835,1
17.7835,0.471861,0,17.7898,6.13444,0.5,0,12,0.699992,6.13444,0.0813432,0.000784681,0.00130797,0.0813575,0,836,1
17.7884,-0.472,0,17.7946,6.27291,0.5,0,12,0.0332569,-6.27291,0.0825329,0.00182186,0.0019663,0.0825764,0,837,1
17.7884,0.472003,0,17.7946,6.26852,0.5,0,12,0.25793,6.26852,0.0828991,0.00071117,-0.000672794,0.0829049,0,838,1
17.7933,-0.471999,0,17.7995,6.45926,0.5,0,12,-0.837226,-6.45926,0.0831702,0.000742243,0.000180049,0.0831737,0,839,1
17.7933,0.472001,0,17.7995,6.2254,0.5,0,12,0.146179,6.2254,0.0840561,0.000909617,0.000620744,0.0840633,0,840,1
17.7982,-0.471998,0,17.8044,6.22192,0.5,0,12,0.0102868,-6.22192,0.0833607,-0.000376725,-0.00216446,0.0833897,0,841,1
17.7982,0.471999,0,17.8044,6.05396,0.5,0,12,0.37943,6.05396,0.0846253,0.000779019,0.00296104,0.0846806,0,842,1
17.8031,-0.471998,0,17.8093,6.12438,0.5,0,12,0.633126,-6.12438,0.0843567,-0.000106616,-0.00257981,0.0843962,0,843,1
17.8031,0.471998,0,17.8093,6.0462,0.5,0,12,0.72044,6.0462,0.0852559,8.42469e-05,0.00437266,0.085368,0,844,1
17.8079,-0.471999,0,17.8142,6.30696,0.5,0,12,0.890254,-6.30696,0.0859778,0.000312468,-0.00229872,0.0860091,0,845,1
17.8079,0.471998,0,17.8142,6.1363,0.5,0,12,0.905017,6.1363,0.0852115,-0.000773149,0.00516869,0.0853716,0,846,1
17.8128,-0.472,0,17.8191,6.38928,0.5,0,12,0.885276,-6.38928,0.0869614,0.000725687,-0.000262095,0.0869648,0,847,1
17.8128,0.471999,0,17.8191,6.26724,0.5,0,12,0.920944,6.26724,0.0850924,-0.000855191,0.00510828,0.0852499,0,848,1
17.8177,-0.472001,0,17.824,6.44833,0.5,0,12,0.313248,-6.44833,0.0874625,0.000858295,0.0014999,0.0874796,0,849,1
17.8177,0.472,0,17.824,6.38499,0.5,0,12,0.958388,6.38499,0.0856883,-0.00084006,0.00466227,0.0858191,0,850,1
17.8226,-0.472003,0,17.8289,6.42046,0.5,0,12,0.492163,-6.42046,0.0873457,0.000564329,-0.000748655,0.0873507,0,851,1
17.8226,0.472002,0,17.8289,6.45357,0.5,0,12,0.74789,6.45357,0.0865965,-0.000935901,0.00384245,0.0866868,0,852,1
17.8275,-0.472005,0,17.8338,6.30411,0.5,0,12,0.855796,-6.30411,0.0865465,0.000626549,-0.00366202,0.0866262,0,853,1
17.8275,0.472004,0,17.8338,6.60193,0.5,0,12,0.670275,6.60193,0.0879113,-0.000851785,0.00278499,0.0879595,0,854,1
17.8324,-0.472008,0,17.8386,6.43565,0.5,0,12,0.886266,-6.43565,0.0867904,0.00066552,-0.00444849,0.0869069,0,855,1
17.8324,0.472006,0,17.8386,6.68557,0.5,0,12,0.706998,6.68557,0.0886555,-0.000808712,0.000413295,0.0886602,0,856,1
17.8373,-0.47201,0,17.8435,6.54088,0.5,0,12,1.06333,-6.54088,0.087448,0.000790401,-0.00457944,0.0875714,0,857,1
17.8373,0.472008,0,17.8435,6.67706,0.5,0,12,0.596651,6.67706,0.0887163,-0.000714104,-0.00220832,0.0887466,0,858,1
17.8422,-0.472012,0,17.8484,6.64834,0.5,0,12,0.982188,-6.64834,0.0884712,0.000901438,-0.00445005,0.0885876,0,859,1
17.8422,0.472011,0,17.8484,6.71094,0.5,0,12,0.709474,6.71094,0.0894029,-0.000752248,-0.00317806,0.0894625,0,860,1
17.8471,-0.472014,0,17.8533,6.79543,0.5,0,12,0.68284,-6.79543,0.0893846,0.000914206,-0.00426438,0.089491,0,861,1
17.8471,0.472014,0,17.8533,6.87414,0.5,0,12,0.434655,6.87414,0.0903537,-0.00124996,-0.00317599,0.0904181,0,862,1
17.852,-0.472016,0,17.8582,6.96627,0.5,0,12,0.625932,-6.96627,0.0903942,0.00065146,-0.00402829,0.0904862,0,863,1
17.852,0.472016,0,17.8582,7.05859,0.5,0,12,0.0143971,7.05859,0.0906497,-0.00126238,-0.000974783,0.0906637,0,864,1
17.8569,-0.472018,0,17.8631,7.09937,0.5,0,12,0.796061,-7.09937,0.0917476,0.000623,-0.00327407,0.0918081,0,865,1
17.8569,0.472017,0,17.8631,7.18881,0.5,0,12,-0.526504,7.18881,0.0911885,-0.000583569,0.00124332,0.0911989,0,866,1
17.8617,-0.472018,0,17.868,7.0923,0.5,0,12,0.698247,-7.0923,0.0919858,0.00113669,-0.000694272,0.0919954,0,867,1
17.8617,0.472019,0,17.868,7.20475,0.5,0,12,-0.343124,7.20475,0.0919244,2.83405e-05,2.45141e-05,0.0919244,0,868,1
17.8666,-0.472019,0,17.8729,7.26298,0.5,0,12,-0.180165,-7.26298,0.0923882,0.000997959,0.00149978,0.0924057,0,869,1
17.8666,0.47202,0,17.8729,7.19301,0.5,0,12,0.324674,7.19301,0.0930083,0.000292322,-0.00152855,0.0930213,0,870,1
17.8715,-0.472019,0,17.8778,7.36887,0.5,0,12,-0.779711,-7.36887,0.0931538,7.24931e-05,-0.000204198,0.0931541,0,871,1
17.8715,0.47202,0,17.8778,7.1331,0.5,0,12,0.982367,7.1331,0.0939237,-0.00018574,6.67857e-05,0.0939239,0,872,1
17.8764,-0.472019,0,17.8826,7.2848,0.5,0,12,-0.212938,-7.2848,0.0941524,-0.000870674,-0.00287481,0.0942003,0,873,1
17.8764,0.472019,0,17.8826,7.27211,0.5,0,12,0.729093,7.27211,0.0946762,-0.00097875,0.00178366,0.0946981,0,874,1
17.8813,-0.472017,0,17.8875,7.35323,0.5,0,12,0.369984,-7.35323,0.0956181,-0.000892899,-0.00433721,0.0957206,0,875,1
17.8813,0.472018,0,17.8875,7.46637,0.5,0,12,-0.0879479,7.46637,0.0952748,-0.00068671,-0.000292115,0.0952777,0,876,1
17.8862,-0.472016,0,17.8924,7.4223,0.5,0,12,0.644106,-7.4223,0.0960764,-0.000521081,-0.00510657,0.0962134,0,877,1
17.8862,0.472016,0,17.8924,7.42244,0.5,0,12,0.200396,7.42244,0.0956096,9.06175e-05,-0.00293255,0.0956547,0,878,1
17.8911,-0.472013,0,17.8973,7.56289,0.5,0,12,0.781304,-7.56289,0.0966479,-0.000564709,-0.00487942,0.0967727,0,879,1
17.8911,0.472014,0,17.8973,7.49938,0.5,0,12,0.300359,7.49938,0.0968387,0.000296816,-0.0035902,0.0969057,0,880,1
17.896,-0.472009,0,17.9022,7.74288,0.5,0,12,0.790608,-7.74288,0.098069,-0.00083251,-0.00423829,0.0981641,0,881,1
17.896,0.472011,0,17.9022,7.71404,0.5,0,12,0.244058,7.71404,0.0985933,0.000678106,-0.00387866,0.0986719,0,882,1
17.9009,-0.472005,0,17.9071,7.82095,0.5,0,12,0.830665,-7.82095,0.0998069,-0.00112826,-0.00348831,0.0998742,0,883,1
17.9009,0.472006,0,17.9071,7.89242,0.5,0,12,0.327999,7.89242,0.10051,0.00131757,-0.00417457,0.100605,0,884,1
17.9058,-0.472,0,17.912,7.90014,0.5,0,12,0.72572,-7.90014,0.101396,-0.00116137,-0.00245595,0.101432,0,885,1
17.9058,0.472001,0,17.912,7.86376,0.5,0,12,0.616635,7.86376,0.101867,0.00165142,-0.00443424,0.101977,0,886,1
17.9106,-0.471993,0,17.9169,7.95461,0.5,0,12,0.445233,-7.95461,0.102618,-0.00120001,-0.000162908,0.102625,0,887,1
17.9106,0.471995,0,17.9169,7.89785,0.5,0,12,0.867364,7.89785,0.103597,0.00148052,-0.00457477,0.103709,0,888,1
17.9155,-0.471985,0,17.9218,8.02312,0.5,0,12,0.264435,-8.02312,0.103959,-0.00119503,0.0019824,0.103985,0,889,1
17.9155,0.471988,0,17.9218,8.09912,0.5,0,12,0.710923,8.09912,0.106131,0.00128931,-0.00478831,0.106247,0,890,1
17.9204,-0.471976,0,17.9266,8.26861,0.5,0,12,-0.123088,-8.26861,0.10593,-0.00140914,0.00245235,0.105968,0,891,1
17.9204,0.471979,0,17.9266,8.30081,0.5,0,12,0.171092,8.30081,0.107719,0.000772822,-0.00525975,0.10785,0,892,1
17.9253,-0.471966,0,17.9315,8.4858,0.5,0,12,-0.166963,-8.4858,0.108284,-0.00217303,0.00228938,0.10833,0,893,1
17.9253,0.471968,0,17.9315,8.53965,0.5,0,12,-1.0441,8.53965,0.107993,0.000896497,-0.00535255,0.108129,0,894,1
17.9302,-0.471954,0,17.9364,8.55842,0.5,0,12,0.14742,-8.55842,0.110519,-0.00251604,0.00189,0.110564,0,895,1
17.9302,0.471956,0,17.9364,8.57113,0.5,0,12,-0.948189,8.57113,0.108599,0.00281732,-0.00430986,0.108721,0,896,1
17.9351,-0.471942,0,17.9413,8.71536,0.5,0,12,-0.671608,-8.71536,0.112448,-0.00266731,0.0013156,0.112487,0,897,1
17.9351,0.471944,0,17.9413,8.47798,0.5,0,12,0.799529,8.47798,0.111191,0.00365284,-0.00293122,0.111289,0,898,1
17.94,-0.471927,0,17.9462,8.71729,0.5,0,12,-0.544916,-8.71729,0.114067,-0.00365135,-0.000526011,0.114127,0,899,1
17.94,0.47193,0,17.9462,8.46578,0.5,0,12,1.39724,8.46578,0.113794,0.00321455,-0.00031294,0.11384,0,900,1
17.9449,-0.471912,0,17.9511,8.47539,0.5,0,12,0.921649,-8.47539,0.115736,-0.00398416,-0.00202898,0.115822,0,901,1
17.9449,0.471915,0,17.9511,8.49736,0.5,0,12,0.551489,8.49736,0.115313,0.00315252,0.00223233,0.115377,0,902,1
17.9498,-0.471896,0,17.956,8.5058,0.5,0,12,0.860363,-8.5058,0.117632,-0.00300179,-0.000831416,0.117673,0,903,1
17.9498,0.471899,0,17.956,8.60272,0.5,0,12,0.294828,8.60272,0.117702,0.00326413,0.00228419,0.117769,0,904,1
17.9547,-0.471879,0,17.9609,8.89036,0.5,0,12,-0.50735,-8.89036,0.120158,-0.00295702,0.000817039,0.120197,0,905,1
17.9547,0.471882,0,17.9609,8.85685,0.5,0,12,0.440286,8.85685,0.121923,0.0030966,0.0018553,0.121977,0,906,1
17.9595,-0.471861,0,17.9657,9.14727,0.5,0,12,-0.894843,-9.14727,0.122933,-0.00397377,0.00174957,0.12301,0,907,1
17.9595,0.471864,0,17.9657,9.0663,0.5,0,12,0.0933572,9.0663,0.124841,0.0026596,0.00162411,0.12488,0,908,1
17.9644,-0.471841,0,17.9706,9.09799,0.5,0,12,-0.152007,-9.09799,0.12476,-0.00472948,0.0021928,0.124869,0,909,1
17.9644,0.471844,0,17.9706,9.07157,0.5,0,12,-0.555815,9.07157,0.124207,0.00295463,0.00124649,0.124248,0,910,1
17.9693,-0.47182,0,17.9755,8.97271,0.5,0,12,1.46788,-8.97271,0.127018,-0.00500758,0.00128107,0.127123,0,911,1
17.9693,0.471823,0,17.9755,9.07898,0.5,0,12,-1.0337,9.07898,0.124178,0.00394719,0.000685718,0.124243,0,912,1
17.9742,-0.471797,0,17.9804,9.12012,0.5,0,12,2.13151,-9.12012,0.131164,-0.00413644,0.000309265,0.13123,0,913,1
17.9742,0.4718,0,17.9804,9.13846,0.5,0,12,0.00670101,9.13846,0.127636,0.00505822,0.000226225,0.127736,0,914,1
17.9791,-0.471772,0,17.9853,9.4457,0.5,0,12,0.323255,-9.4457,0.13486,-0.00352175,-0.000708643,0.134908,0,915,1
17.9791,0.471776,0,17.9853,9.30393,0.5,0,12,0.75658,9.30393,0.132775,0.00531374,0.000129527,0.132881,0,916,1
17.984,-0.471746,0,17.9902,9.51526,0.5,0,12,-0.289279,-9.51526,0.136546,-0.00402695,-0.00164435,0.136615,0,917,1
17.984,0.47175,0,17.9902,9.47583,0.5,0,12,0.485532,9.47583,0.136579,0.00495659,6.61402e-05,0.136669,0,918,1
17.9889,-0.47172,0,17.9951,9.566,0.5,0,12,0.0805468,-9.566,0.138619,-0.00423719,-0.000981927,0.138687,0,919,1
17.9889,0.471723,0,17.9951,9.73915,0.5,0,12,0.362253,9.73915,0.139933,0.00503487,4.50788e-05,0.140023,0,920,1
17.9938,-0.471692,0,18,9.77177,0.5,0,12,-0.0593995,-9.77177,0.142102,-0.0048069,-0.000219655,0.142183,0,921,1
17.9938,0.471694,0,18,9.90505,0.5,0,12,0.337375,9.90505,0.143085,0.00554692,3.39191e-05,0.143193,0,922,1
17.9987,-0.471663,0,18.0049,9.94386,0.5,0,12,0.26037,-9.94386,0.146068,-0.00544504,-2.68201e-05,0.146169,0,923,1
17.9987,0.471664,0,18.0049,9.91558,0.5,0,12,0.513452,9.91558,0.146267,0.00603024,2.30409e-05,0.146391,0,924,1
18.0036,-0.471631,0,18.0097,10.0131,0.5,0,12,0.513534,-10.0131,0.149361,-0.00554966,0.000166196,0.149464,0,925,1
18.0036,0.471632,0,18.0097,9.88009,0.5,0,12,0.738657,9.88009,0.14945,0.00585783,1.19943e-05,0.149565,0,926,1
18.0085,-0.471598,0,18.0146,10.147,0.5,0,12,0.492407,-10.147,0.152698,-0.00582898,0.000262316,0.15281,0,927,1
18.0085,0.471599,0,18.0146,9.99803,0.5,0,12,0.730054,9.99803,0.152604,0.00531109,8.75822e-06,0.152697,0,928,1
18.0133,-0.471564,0,18.0195,10.2356,0.5,0,12,0.504297,-10.2356,0.156025,-0.00621729,0.000319784,0.15615,0,929,1
18.0133,0.471565,0,18.0195,10.2542,0.5,0,12,0.537709,10.2542,0.155795,0.00527338,2.25395e-05,0.155884,0,930,1
18.0182,-0.471527,0,18.0244,10.2874,0.5,0,12,0.553889,-10.2874,0.159398,-0.00653193,0.000350776,0.159532,0,931,1
18.0182,0.47153,0,18.0244,10.4634,0.5,0,12,0.422966,10.4634,0.15912,0.00595513,5.34124e-05,0.159231,0,932,1
18.0231,-0.471489,0,18.0293,10.3353,0.5,0,12,0.599095,-10.3353,0.162814,-0.00672146,0.000363079,0.162953,0,933,1
18.0231,0.471492,0,18.0293,10.5308,0.5,0,12,0.472375,10.5308,0.162593,0.00683147,9.36858e-05,0.162736,0,934,1
18.028,-0.47145,0,18.0342,10.4006,0.5,0,12,0.627865,-10.4006,0.16627,-0.00684469,0.000360651,0.166412,0,935,1
18.028,0.471453,0,18.0342,10.5075,0.5,0,12,0.586609,10.5075,0.166172,0.00740527,0.000133347,0.166337,0,936,1
18.0329,-0.471409,0,18.0391,10.4819,0.5,0,12,0.651159,-10.4819,0.169775,-0.00699706,0.000348846,0.16992,0,937,1
18.0329,0.471411,0,18.0391,10.4845,0.5,0,12,0.660658,10.4845,0.169799,0.00757546,0.000159166,0.169968,0,938,1
18.0378,-0.471366,0,18.044,10.5591,0.5,0,12,0.683309,-10.5591,0.173348,-0.00721548,0.000324285,0.173498,0,939,1
18.0378,0.471369,0,18.044,10.5128,0.5,0,12,0.700713,10.5128,0.173429,0.00752352,0.000163398,0.173592,0,940,1
18.0427,-0.471322,0,18.0488,10.6162,0.5,0,12,0.722526,-10.6162,0.177023,-0.00744373,0.000283422,0.17718,0,941,1
18.0427,0.471325,0,18.0488,10.5904,0.5,0,12,0.724104,10.5904,0.177043,0.00748651,0.000148208,0.177202,0,942,1
18.0476,-0.471276,0,18.0537,10.6586,0.5,0,12,0.763171,-10.6586,0.180815,-0.00761998,0.000231677,0.180976,0,943,1
18.0476,0.471279,0,18.0537,10.6822,0.5,0,12,0.75485,10.6822,0.18065,0.00759122,0.000116774,0.180809,0,944,1
18.0525,-0.471228,0,18.0586,10.7041,0.5,0,12,0.804187,-10.7041,0.184688,-0.00774043,0.000170431,0.18485,0,945,1
18.0525,0.471231,0,18.0586,10.7529,0.5,0,12,0.794493,10.7529,0.1843,0.00780414,7.55999e-05,0.184465,0,946,1
18.0574,-0.471179,0,18.0635,10.7616,0.5,0,12,0.844444,-10.7616,0.188607,-0.00785828,9.8688e-05,0.188771,0,947,1
18.0574,0.471182,0,18.0635,10.7934,0.5,0,12,0.837593,10.7934,0.188045,0.00802243,3.09315e-05,0.188216,0,948,1
18.0622,-0.471128,0,18.0684,10.8228,0.5,0,12,0.8853,-10.8228,0.192542,-0.00802806,3.0148e-05,0.19271,0,949,1
18.0622,0.47113,0,18.0684,10.8179,0.5,0,12,0.882151,10.8179,0.191895,0.00818494,-6.16848e-06,0.19207,0,950,1
18.0671,-0.471075,0,18.0733,10.8715,0.5,0,12,0.929337,-10.8715,0.196487,-0.00824604,-2.53229e-05,0.19666,0,951,1
18.0671,0.471077,0,18.0733,10.8406,0.5,0,12,0.92815,10.8406,0.195848,0.00830867,-3.18915e-05,0.196024,0,952,1
18.072,-0.47102,0,18.0782,10.9014,0.5,0,12,0.977976,-10.9014,0.200439,-0.0084733,-6.33002e-05,0.200618,0,953,1
18.072,0.471021,0,18.0782,10.8632,0.5,0,12,0.975411,10.8632,0.199881,0.00844877,-4.4918e-05,0.20006,0,954,1
18.0769,-0.470963,0,18.0831,10.9197,0.5,0,12,1.03195,-10.9197,0.204386,-0.00868432,-0.000100301,0.204571,0,955,1
18.0769,0.470964,0,18.0831,10.8769,0.5,0,12,1.02615,10.8769,0.203978,0.00863421,-4.32817e-05,0.204161,0,956,1
18.0818,-0.470904,0,18.0879,10.9312,0.5,0,12,1.09249,-10.9312,0.208367,-0.00889308,-0.000155685,0.208557,0,957,1
18.0818,0.470905,0,18.0879,10.8746,0.5,0,12,1.08551,10.8746,0.208118,0.00884626,-2.94151e-05,0.208306,0,958,1
18.0867,-0.470842,0,18.0928,10.9322,0.5,0,12,1.16267,-10.9322,0.212425,-0.00913022,-0.000216808,0.212621,0,959,1
18.0867,0.470843,0,18.0928,10.8573,0.5,0,12,1.1584,10.8573,0.212271,0.00904362,-9.05109e-06,0.212463,0,960,1
18.0916,-0.470779,0,18.0977,10.9151,0.5,0,12,1.24554,-10.9151,0.216559,-0.00939946,-0.000262616,0.216764,0,961,1
18.0916,0.47078,0,18.0977,10.8325,0.5,0,12,1.24426,10.8325,0.216428,0.00920238,1.59731e-05,0.216624,0,962,1
18.0965,-0.470712,0,18.1026,10.873,0.5,0,12,1.34084,-10.873,0.220762,-0.00966446,-0.000290283,0.220974,0,963,1
18.0965,0.470714,0,18.1026,10.8082,0.5,0,12,1.33651,10.8082,0.220594,0.00933952,4.50644e-05,0.220792,0,964,1
18.1014,-0.470644,0,18.1075,10.8069,0.5,0,12,1.45209,-10.8069,0.225004,-0.00987513,-0.000272468,0.225221,0,965,1
18.1014,0.470646,0,18.1075,10.7852,0.5,0,12,1.42567,10.7852,0.224763,0.00950452,8.11547e-05,0.224964,0,966,1
18.1063,-0.470573,0,18.1124,10.7258,0.5,0,12,1.58349,-10.7258,0.229255,-0.0100094,-0.000207825,0.229473,0,967,1
18.1063,0.470576,0,18.1124,10.7526,0.5,0,12,1.5096,10.7526,0.228951,0.00974303,0.000134509,0.229158,0,968,1
18.1111,-0.470499,0,18.1173,10.6413,0.5,0,12,1.71872,-10.6413,0.233512,-0.0100917,-0.000104908,0.23373,0,969,1
18.1111,0.470503,0,18.1173,10.6968,0.5,0,12,1.60818,10.6968,0.233173,0.0100577,0.000214567,0.23339,0,970,1
18.1147,-0.470443,0,18.1208,10.5842,0.5,0,12,1.79593,-10.5842,0.236655,-0.010153,2.24327e-06,0.236873,0,971,1
18.115,0.470443,0,18.1211,10.6319,0.5,0,12,1.71033,10.6319,0.236548,0.0103273,0.000299095,0.236773,0,972,1
18.116,-0.470423,0,18.1221,10.5534,0.5,0,12,1.83028,-10.5534,0.237706,-0.0101433,4.16875e-05,0.237923,0,973,1
18.1209,-0.470346,0,18.127,10.4495,0.5,0,12,1.90065,-10.4495,0.241668,-0.0101444,0.000195716,0.241881,0,974,1
18.116,0.470427,0,18.1221,10.6062,0.5,0,12,1.74329,10.6062,0.237395,0.0103754,0.000322246,0.237622,0,975,1
18.1209,0.47035,0,18.127,10.4759,0.5,0,12,1.91799,10.4759,0.241396,0.0105558,0.000437861,0.241627,0,976,1
18.1258,-0.470269,0,18.1319,10.3492,0.5,0,12,2.05084,-10.3492,0.245655,-0.0101892,0.000320909,0.245866,0,977,1
18.1258,0.470273,0,18.1319,10.3526,0.5,0,12,2.07513,10.3526,0.245424,0.0106586,0.000523257,0.245656,0,978,1
18.1307,-0.470192,0,18.1368,10.2398,0.5,0,12,2.4095,-10.2398,0.249656,-0.0102607,0.000386891,0.249867,0,979,1
18.1307,0.470196,0,18.1368,10.2371,0.5,0,12,2.33131,10.2371,0.2495,0.0106968,0.0005453,0.24973,0,980,1
18.1356,-0.470114,0,18.1417,10.1119,0.5,0,12,2.87785,-10.1119,0.253642,-0.0103375,0.000370474,0.253853,0,981,1
18.1356,0.470119,0,18.1417,10.1185,0.5,0,12,2.72802,10.1185,0.253625,0.010699,0.000492037,0.253851,0,982,1
18.1405,-0.470037,0,18.1466,9.96132,0.5,0,12,3.36965,-9.96132,0.257545,-0.0104202,0.000278679,0.257756,0,983,1
18.1405,0.470041,0,18.1466,9.98451,0.5,0,12,3.16563,9.98451,0.257722,0.0106984,0.000383615,0.257944,0,984,1
18.1454,-0.469959,0,18.1515,9.78732,0.5,0,12,3.91333,-9.78732,0.261326,-0.0105172,0.00015063,0.261538,0,985,1
18.1454,0.469964,0,18.1515,9.82582,0.5,0,12,3.6814,9.82582,0.261708,0.0107101,0.000263955,0.261927,0,986,1
18.1503,-0.46988,0,18.1564,9.58178,0.5,0,12,4.53679,-9.58178,0.264901,-0.0106028,8.3961e-06,0.265113,0,987,1
18.1503,0.469886,0,18.1564,9.63321,0.5,0,12,4.29985,9.63321,0.265437,0.0107091,0.000161309,0.265653,0,988,1
18.1552,-0.469802,0,18.1612,9.33067,0.5,0,12,5.23363,-9.33067,0.268293,-0.01062,-0.000146113,0.268503,0,989,1
18.1552,0.469807,0,18.1612,9.3941,0.5,0,12,5.00024,9.3941,0.268883,0.0106549,8.25388e-05,0.269094,0,990,1
18.1601,-0.469723,0,18.1661,9.04872,0.5,0,12,5.99889,-9.04872,0.271372,-0.0106053,-0.000305433,0.271579,0,991,1
18.1601,0.469729,0,18.1661,9.12056,0.5,0,12,5.76399,9.12056,0.271915,0.0105993,2.63531e-05,0.272121,0,992,1
18.1649,-0.469644,0,18.171,8.74843,0.5,0,12,6.76399,-8.74843,0.274171,-0.0106193,-0.000459744,0.274377,0,993,1
18.1649,0.46965,0,18.171,8.81921,0.5,0,12,6.51289,8.81921,0.274601,0.0105996,-1.27584e-05,0.274806,0,994,1
18.1698,-0.469565,0,18.1759,8.49426,0.5,0,12,7.79486,-8.49426,0.27662,-0.0106912,-0.000600526,0.276827,0,995,1
18.1698,0.469571,0,18.1759,8.54259,0.5,0,12,7.50194,8.54259,0.276915,0.0106536,-3.88373e-05,0.27712,0,996,1
18.1747,-0.469486,0,18.1808,8.28401,0.5,0,12,9.04971,-8.28401,0.278738,-0.0108447,-0.000716833,0.27895,0,997,1
18.1747,0.469492,0,18.1808,8.29361,0.5,0,12,8.71644,8.29361,0.278865,0.0107494,-7.26908e-05,0.279073,0,998,1
18.1796,-0.469407,0,18.1857,8.08036,0.5,0,12,10.0931,-8.08036,0.281205,-0.0110126,-0.000785576,0.281421,0,999,1
18.1796,0.469412,0,18.1857,8.04251,0.5,0,12,9.72015,8.04251,0.281072,0.0108707,-0.000115507,0.281282,0,1000,1
18.1845,-0.469327,0,18.1906,7.90388,0.5,0,12,11.0354,-7.90388,0.283959,-0.0110655,-0.000776109,0.284175,0,1001,1
18.1845,0.469333,0,18.1906,7.79227,0.5,0,12,10.5458,7.79227,0.28347,0.0109232,-0.000134818,0.283681,0,1002,1
18.1894,-0.469248,0,18.1954,7.78902,0.5,0,12,12.0796,-7.78902,0.286637,-0.0111016,-0.000689288,0.286852,0,1003,1
18.1894,0.469253,0,18.1954,7.61276,0.5,0,12,11.2023,7.61276,0.285829,0.0109949,-0.000128846,0.286041,0,1004,1
18.1943,-0.469168,0,18.2003,7.74181,0.5,0,12,13.2536,-7.74181,0.289237,-0.0112269,-0.00055186,0.289455,0,1005,1
18.1943,0.469173,0,18.2003,7.56743,0.5,0,12,11.3577,7.56743,0.288332,0.0113238,-0.000114575,0.288555,0,1006,1
18.1992,-0.469088,0,18.2052,7.72969,0.5,0,12,14.4143,-7.72969,0.291808,-0.0113323,-0.00040794,0.292028,0,1007,1
18.1992,0.469093,0,18.2052,7.60563,0.5,0,12,11.7226,7.60563,0.291118,0.0116921,-0.000101129,0.291353,0,1008,1
18.2041,-0.469009,0,18.2101,7.77246,0.5,0,12,15.2823,-7.77246,0.29444,-0.0114211,-0.000299492,0.294662,0,1009,1
18.2041,0.469013,0,18.2101,7.72029,0.5,0,12,12.6406,7.72029,0.294235,0.0119099,-9.91502e-05,0.294476,0,1010,1
18.209,-0.46893,0,18.215,7.90145,0.5,0,12,15.2747,-7.90145,0.297293,-0.0116378,-0.000226721,0.297521,0,1011,1
18.209,0.468933,0,18.215,7.90216,0.5,0,12,13.2759,7.90216,0.297587,0.0121151,-0.000110428,0.297834,0,1012,1
18.2138,-0.468851,0,18.2199,8.13755,0.5,0,12,13.8147,-8.13755,0.300699,-0.0121465,-0.000169545,0.300944,0,1013,1
18.2138,0.468854,0,18.2199,8.14166,0.5,0,12,13.0414,8.14166,0.301246,0.0123641,-0.000132781,0.301499,0,1014,1
18.2187,-0.468772,0,18.2248,8.48,0.5,0,12,11.8019,-8.48,0.305096,-0.0128243,-0.000109151,0.305365,0,1015,1
18.2187,0.468775,0,18.2248,8.46998,0.5,0,12,11.7359,8.46998,0.305582,0.012717,-0.000166804,0.305846,0,1016,1
18.2236,-0.468692,0,18.2297,8.88707,0.5,0,12,10.4087,-8.88707,0.310803,-0.0135887,-4.06895e-05,0.3111,0,1017,1
18.2236,0.468695,0,18.2297,8.86872,0.5,0,12,10.3257,8.86872,0.311017,0.0132838,-0.000217491,0.3113,0,1018,1
18.2285,-0.468609,0,18.2345,9.26106,0.5,0,12,9.91225,-9.26106,0.317658,-0.0144389,2.09255e-05,0.317986,0,1019,1
18.2285,0.468612,0,18.2345,9.23914,0.5,0,12,9.71297,9.23914,0.317584,0.0140938,-0.00031236,0.317897,0,1020,1
18.2334,-0.468523,0,18.2394,9.57896,0.5,0,12,9.88901,-9.57896,0.325259,-0.015177,6.71989e-05,0.325613,0,1021,1
18.2334,0.468525,0,18.2394,9.53694,0.5,0,12,9.65458,9.53694,0.324926,0.0148973,-0.000451723,0.325268,0,1022,1
18.2383,-0.468432,0,18.2443,9.87771,0.5,0,12,9.71032,-9.87771,0.333317,-0.0157665,0.000112908,0.333689,0,1023,1
18.2383,0.468435,0,18.2443,9.78761,0.5,0,12,9.52295,9.78761,0.332643,0.0155561,-0.000606346,0.333007,0,1024,1
18.2432,-0.468338,0,18.2492,10.14,0.5,0,12,9.24336,-10.14,0.341545,-0.0162518,0.000167703,0.341932,0,1025,1
18.2432,0.46834,0,18.2492,10.0085,0.5,0,12,8.91811,10.0085,0.340486,0.0160828,-0.000780719,0.340866,0,1026,1
18.2481,-0.468238,0,18.2541,10.3411,0.5,0,12,8.34322,-10.3411,0.349676,-0.0166863,0.000214164,0.350074,0,1027,1
18.2481,0.468241,0,18.2541,10.2347,0.5,0,12,7.52687,10.2347,0.348257,0.0165498,-0.000971422,0.348651,0,1028,1
18.253,-0.468134,0,18.259,10.4907,0.5,0,12,7.06128,-10.4907,0.357634,-0.0171211,0.00018571,0.358044,0,1029,1
18.253,0.468137,0,18.259,10.4777,0.5,0,12,5.61517,10.4777,0.356126,0.0172962,-0.00126084,0.356548,0,1030,1
18.2579,-0.468024,0,18.2639,10.5995,0.5,0,12,5.49761,-10.5995,0.365309,-0.0176079,-5.26139e-07,0.365733,0,1031,1
18.2579,0.468027,0,18.2639,10.6889,0.5,0,12,4.11673,10.6889,0.364646,0.0182812,-0.00151533,0.365108,0,1032,1
18.2627,-0.467909,0,18.2687,10.6936,0.5,0,12,3.90781,-10.6936,0.373016,-0.018299,-0.000586022,0.373465,0,1033,1
18.2627,0.467912,0,18.2687,10.8486,0.5,0,12,3.30495,10.8486,0.373792,0.0191317,-0.00110483,0.374283,0,1034,1
18.2676,-0.467788,0,18.2736,10.7932,0.5,0,12,2.70775,-10.7932,0.381402,-0.0191504,-0.00119305,0.381885,0,1035,1
18.2676,0.467792,0,18.2736,10.9837,0.5,0,12,2.85049,10.9837,0.383018,0.0196681,-0.000324198,0.383523,0,1036,1
18.2725,-0.467661,0,18.2785,10.8753,0.5,0,12,2.17391,-10.8753,0.390441,-0.019989,-0.000554061,0.390952,0,1037,1
18.2725,0.467664,0,18.2785,11.0681,0.5,0,12,2.46676,11.0681,0.392064,0.019981,-0.000361012,0.392573,0,1038,1
18.2774,-0.467526,0,18.2834,10.9616,0.5,0,12,2.1744,-10.9616,0.399831,-0.0204759,0.000590732,0.400355,0,1039,1
18.2774,0.467529,0,18.2834,11.0922,0.5,0,12,2.20514,11.0922,0.400828,0.0201621,-0.000790611,0.401336,0,1040,1
18.2823,-0.467384,0,18.2883,11.019,0.5,0,12,1.84649,-11.019,0.409118,-0.020646,2.55514e-05,0.409638,0,1041,1
18.2823,0.467387,0,18.2883,11.1038,0.5,0,12,2.01128,11.1038,0.409316,0.0203363,-0.000133367,0.409821,0,1042,1
18.2872,-0.467233,0,18.2932,11.0261,0.5,0,12,1.43853,-11.0261,0.418114,-0.0208545,-0.00114606,0.418635,0,1043,1
18.2872,0.467237,0,18.2932,11.1703,0.5,0,12,1.43542,11.1703,0.417939,0.020672,0.000956631,0.418451,0,1044,1
18.2921,-0.467074,0,18.2981,11.0388,0.5,0,12,1.17196,-11.0388,0.426846,-0.0211878,-0.000171866,0.427372,0,1045,1
18.2921,0.467078,0,18.2981,11.1807,0.5,0,12,0.76982,11.1807,0.426733,0.0210977,0.000377278,0.427255,0,1046,1
18.297,-0.466906,0,18.3029,10.9779,0.5,0,12,1.14842,-10.9779,0.435192,-0.0216369,0.00157236,0.435733,0,1047,1
18.297,0.466909,0,18.3029,11.0152,0.5,0,12,1.16114,11.0152,0.435388,0.0214915,-0.00107026,0.43592,0,1048,1
18.3019,-0.466727,0,18.3078,10.864,0.5,0,12,1.33739,-10.864,0.443235,-0.0220312,0.0010308,0.443783,0,1049,1
18.3019,0.466731,0,18.3078,10.829,0.5,0,12,1.44112,10.829,0.443662,0.0218111,-0.000690583,0.444199,0,1050,1
18.3068,-0.466538,0,18.3127,10.6694,0.5,0,12,1.42338,-10.6694,0.451006,-0.0223859,-0.000560565,0.451562,0,1051,1
18.3068,0.466541,0,18.3127,10.6857,0.5,0,12,1.18279,10.6857,0.451432,0.0222753,0.00066153,0.451981,0,1052,1
18.3117,-0.466336,0,18.3176,10.39,0.5,0,12,1.57603,-10.39,0.458226,-0.0228305,-0.000333198,0.458795,0,1053,1
18.3117,0.466339,0,18.3176,10.4656,0.5,0,12,1.42911,10.4656,0.458618,0.0229368,0.00028474,0.459191,0,1054,1
18.3165,-0.466121,0,18.3225,9.97229,0.5,0,12,2.0755,-9.97229,0.464564,-0.0234216,0.000848422,0.465155,0,1055,1
18.3165,0.466123,0,18.3225,9.99394,0.5,0,12,2.05918,9.99394,0.46497,0.0235257,-0.000950857,0.465566,0,1056,1
18.3214,-0.465892,0,18.3274,9.47185,0.5,0,12,2.68497,-9.47185,0.470104,-0.0240949,0.000599073,0.470721,0,1057,1
18.3214,0.465894,0,18.3274,9.46832,0.5,0,12,2.8682,9.46832,0.470463,0.0239925,-0.000515586,0.471074,0,1058,1
18.3263,-0.465647,0,18.3322,8.94826,0.5,0,12,3.02523,-8.94826,0.475245,-0.0248137,-0.000404477,0.475893,0,1059,1
18.3263,0.465649,0,18.3322,8.96251,0.5,0,12,3.25618,8.96251,0.475324,0.0245689,0.000783026,0.47596,0,1060,1
18.3288,-0.465517,0,18.3347,8.63764,0.5,0,12,3.16554,-8.63764,0.477834,-0.0252069,-0.000437242,0.478499,0,1061,1
18.3288,0.465517,0,18.3347,8.66226,0.5,0,12,3.20353,8.66226,0.477816,0.0250126,0.00085312,0.478471,0,1062,1
18.3312,-0.465388,0,18.3371,8.35647,0.5,0,12,3.34086,-8.35647,0.47925,-0.02532,-0.000455856,0.479919,0,1063,1
18.3361,-0.465137,0,18.342,7.80611,0.5,0,12,4.06971,-7.80611,0.482119,-0.0254172,1.04505e-05,0.482788,0,1064,1
18.3312,0.465391,0,18.3371,8.40514,0.5,0,12,3.18076,8.40514,0.479071,0.0251676,0.000897002,0.479732,0,1065,1
18.3361,0.46514,0,18.342,7.86894,0.5,0,12,3.77216,7.86894,0.482008,0.0255126,0.000379227,0.482683,0,1066,1
18.341,-0.464895,0,18.3469,7.30583,0.5,0,12,5.50762,-7.30583,0.484188,-0.0253229,0.000274682,0.48485,0,1067,1
18.341,0.464898,0,18.3469,7.33906,0.5,0,12,5.33576,7.33906,0.484253,0.025596,7.28809e-05,0.484929,0,1068,1
18.3459,-0.464662,0,18.3518,6.93661,0.5,0,12,7.13992,-6.93661,0.485293,-0.0253877,0.000348728,0.485957,0,1069,1
18.3459,0.464665,0,18.3518,6.93146,0.5,0,12,7.04377,6.93146,0.485364,0.0256886,-0.000179847,0.486043,0,1070,1
18.3508,-0.464438,0,18.3567,6.61572,0.5,0,12,8.57589,-6.61572,0.486014,-0.025791,0.00024094,0.486698,0,1071,1
18.3508,0.464441,0,18.3567,6.58316,0.5,0,12,8.49503,6.58316,0.485907,0.0260881,-0.000440073,0.486607,0,1072,1
18.3557,-0.464223,0,18.3615,6.36713,0.5,0,12,9.04862,-6.36713,0.48702,-0.0262918,-7.53738e-05,0.487729,0,1073,1
18.3557,0.464226,0,18.3615,6.29766,0.5,0,12,8.90388,6.29766,0.48672,0.0265641,-0.00062994,0.487445,0,1074,1
18.3606,-0.464016,0,18.3664,6.39573,0.5,0,12,6.9493,-6.39573,0.489127,-0.0269848,-0.000556721,0.489871,0,1075,1
18.3606,0.46402,0,18.3664,6.29325,0.5,0,12,6.70068,6.29325,0.488813,0.0270515,-0.000660921,0.489561,0,1076,1
18.3654,-0.463816,0,18.3713,6.66954,0.5,0,12,3.67692,-6.66954,0.494049,-0.0289802,-0.00101032,0.494899,0,1077,1
18.3654,0.463819,0,18.3713,6.60551,0.5,0,12,3.64392,6.60551,0.493914,0.0287112,-0.000462928,0.494748,0,1078,1
18.3703,-0.46361,0,18.3762,6.9054,0.5,0,12,4.99079,-6.9054,0.503938,-0.0315622,-0.00113694,0.504926,0,1079,1
18.3703,0.463613,0,18.3762,6.94197,0.5,0,12,5.60231,6.94197,0.504237,0.0312465,2.90716e-05,0.505204,0,1080,1
18.3752,-0.463389,0,18.3811,7.12952,0.5,0,12,8.34173,-7.12952,0.518965,-0.0331005,-0.000718235,0.52002,0,1081,1
18.3752,0.463392,0,18.3811,7.22347,0.5,0,12,8.85946,7.22347,0.520086,0.032946,0.00083059,0.52113,0,1082,1
18.3801,-0.463152,0,18.386,7.43739,0.5,0,12,8.59509,-7.43739,0.536816,-0.0333553,0.000215526,0.537852,0,1083,1
18.3801,0.463155,0,18.386,7.47676,0.5,0,12,8.31852,7.47676,0.538103,0.0330395,0.00220211,0.539121,0,1084,1
18.385,-0.462898,0,18.3908,7.82386,0.5,0,12,6.6737,-7.82386,0.555165,-0.032642,0.00143197,0.556126,0,1085,1
18.385,0.462901,0,18.3908,7.72906,0.5,0,12,7.03451,7.72906,0.554883,0.0323254,0.00343162,0.555834,0,1086,1
18.3899,-0.462623,0,18.3957,8.04926,0.5,0,12,4.31181,-8.04926,0.571873,-0.0319376,0.00299752,0.572772,0,1087,1
18.3899,0.462626,0,18.3957,7.85536,0.5,0,12,5.64592,7.85536,0.57027,0.0320187,0.00301887,0.571176,0,1088,1
18.3948,-0.462326,0,18.4006,8.01274,0.5,0,12,2.44499,-8.01274,0.58649,-0.0315407,0.0036748,0.587349,0,1089,1
18.3948,0.46233,0,18.4006,7.81114,0.5,0,12,2.92364,7.81114,0.585401,0.0314955,0.00112213,0.586249,0,1090,1
18.3997,-0.462005,0,18.4055,7.59642,0.5,0,12,1.47611,-7.59642,0.598354,-0.0311711,0.00101635,0.599166,0,1091,1
18.3997,0.462008,0,18.4055,7.53163,0.5,0,12,0.445882,7.53163,0.598527,0.0307417,-0.00172646,0.599319,0,1092,1
18.4046,-0.461656,0,18.4104,6.90476,0.5,0,12,2.27597,-6.90476,0.607533,-0.0313131,-0.00242301,0.608345,0,1093,1
18.4046,0.461658,0,18.4104,7.02492,0.5,0,12,0.475874,7.02492,0.608477,0.0308055,-0.0038466,0.609269,0,1094,1
18.4095,-0.461275,0,18.4152,6.04315,0.5,0,12,2.69265,-6.04315,0.615696,-0.0321015,-0.00280139,0.616538,0,1095,1
18.4095,0.461278,0,18.4152,6.27094,0.5,0,12,1.54056,6.27094,0.61659,0.0317099,-0.00324184,0.617414,0,1096,1
18.4143,-0.460859,0,18.4201,4.96265,0.5,0,12,2.7627,-4.96265,0.623104,-0.032883,-0.00151188,0.623973,0,1097,1
18.4143,0.460861,0,18.4201,5.20212,0.5,0,12,2.65728,5.20212,0.623689,0.0329212,-0.00150817,0.62456,0,1098,1
18.4173,-0.460591,0,18.423,4.27939,0.5,0,12,3.54068,-4.27939,0.626816,-0.0333822,-0.000896813,0.627704,0,1099,1
18.4173,0.460591,0,18.423,4.45529,0.5,0,12,3.56716,4.45529,0.627195,0.0335974,-0.000893753,0.628095,0,1100,1
18.4192,-0.46041,0,18.425,4.0182,0.5,0,12,4.13114,-3.97181,0.627371,-0.0331771,-0.000425778,0.628248,0,1101,1
18.4241,-0.459988,0,18.4299,3.28791,0.5,0,12,5.96749,-3.20466,0.626455,-0.0329306,8.4537e-05,0.627319,0,1102,1
18.4192,0.460412,0,18.425,4.14992,0.5,0,12,4.20976,4.10655,0.627585,0.0335028,-0.000432475,0.628479,0,1103,1
18.4241,0.45999,0,18.4299,3.32828,0.5,0,12,5.96576,3.26618,0.626218,0.0332322,-2.20982e-05,0.627099,0,1104,1
18.429,-0.459603,0,18.4347,2.7366,0.5,0,12,7.17426,-2.70574,0.62466,-0.0328754,0.000202941,0.625524,0,1105,1
18.429,0.459604,0,18.4347,2.76363,0.5,0,12,7.2111,2.76363,0.624014,0.0332499,4.18523e-05,0.6249,0,1106,1
18.4339,-0.459251,0,18.4396,2.80032,0.5,0,12,7.60564,-2.80032,0.624328,-0.0338066,0.000230226,0.625243,0,1107,1
18.4339,0.459252,0,18.4396,2.84392,0.5,0,12,7.67265,2.84392,0.62338,0.0343303,4.82261e-05,0.624324,0,1108,1
18.4388,-0.458924,0,18.4445,3.05287,0.5,0,12,8.11715,-3.05287,0.62961,-0.0376545,0.000252487,0.630735,0,1109,1
18.4388,0.458925,0,18.4445,3.06344,0.5,0,12,8.234,3.06344,0.628514,0.0381929,6.66356e-05,0.629673,0,1110,1
18.4437,-0.458591,0,18.4494,2.76392,0.5,0,12,9.63898,-2.76392,0.643216,-0.0413255,0.000261112,0.644542,0,1111,1
18.4437,0.458592,0,18.4494,2.75257,0.5,0,12,9.9158,2.75257,0.642164,0.0417624,9.73543e-05,0.643521,0,1112,1
18.4486,-0.458226,0,18.4543,2.79121,0.5,0,12,10.9204,-2.37207,0.663078,-0.0415012,0.000248761,0.664376,0,1113,1
18.4486,0.458228,0,18.4543,2.76281,0.5,0,12,11.4475,2.35502,0.662252,0.0418191,0.00014237,0.663571,0,1114,1
18.4535,-0.457827,0,18.4592,4.48907,0.5,0,12,8.95178,-2.23407,0.684845,-0.0396702,0.000224946,0.685993,0,1115,1
18.4535,0.457829,0,18.4592,4.43915,0.5,0,12,9.50802,2.22365,0.684381,0.0399226,0.000189282,0.685545,0,1116,1
18.4584,-0.457387,0,18.464,6.24356,0.5,0,12,3.74345,-2.04802,0.704847,-0.0371414,0.000204527,0.705825,0,1117,1
18.4584,0.45739,0,18.464,6.23309,0.5,0,12,4.06907,2.04058,0.704785,0.0374853,0.000205443,0.705781,0,1118,1
18.4633,-0.456901,0,18.4689,7.15361,0.5,0,12,-1.73291,-1.58626,0.720998,-0.0350485,0.000188464,0.721849,0,1119,1
18.4633,0.456904,0,18.4689,7.17344,0.5,0,12,-1.67054,1.55594,0.721234,0.035559,0.000185801,0.72211,0,1120,1
18.4681,-0.45636,0,18.4738,7.15498,0.5,0,12,-3.11386,-0.687176,0.73202,-0.0339079,0.000170611,0.732805,0,1121,1
18.4681,0.456364,0,18.4738,7.20287,0.5,0,12,-3.20994,0.610808,0.732424,0.0344716,0.000154271,0.733235,0,1122,1
18.473,-0.455756,0,18.4787,6.35152,0.5,0,12,1.1679,0.602015,0.737187,-0.0337664,0.000150707,0.73796,0,1123,1
18.473,0.45576,0,18.4787,6.4328,0.5,0,12,1.02819,-0.722152,0.737669,0.0341837,0.000131977,0.738461,0,1124,1
18.4737,-0.455665,0,18.4793,6.16008,0.5,0,12,1.8837,0.830337,0.737218,-0.0339908,0.000148365,0.738001,0,1125,1
18.4737,0.455665,0,18.4794,6.23629,0.5,0,12,1.78238,-0.962545,0.737701,0.0343791,0.000129791,0.738502,0,1126,1
18.4779,-0.455142,0,18.4835,5.25295,0.5,0,12,5.91886,1.18991,0.731547,-0.0335708,0.000129503,0.732317,0,1127,1
18.4828,-0.45461,0,18.4884,3.89022,0.5,0,12,6.90509,1.25956,0.724218,-0.0350846,0.000111176,0.725067,0,1128,1
18.4779,0.455145,0,18.4835,5.3464,0.5,0,12,5.86574,-1.32363,0.732049,0.0337129,0.000115417,0.732825,0,1129,1
18.4828,0.454613,0,18.4884,3.96356,0.5,0,12,6.90427,-1.3665,0.724651,0.0349482,0.000104536,0.725493,0,1130,1
18.4877,-0.454144,0,18.4933,3.70439,0.5,0,12,5.27914,1.07456,0.722731,-0.0397347,9.80471e-05,0.723822,0,1131,1
18.4877,0.454147,0,18.4933,3.72863,0.5,0,12,5.25949,-1.13918,0.723082,0.0394682,0.000101245,0.724159,0,1132,1
18.4926,-0.453692,0,18.4982,3.79053,0.5,0,12,6.8771,1.42875,0.733035,-0.0454468,8.91395e-05,0.734442,0,1133,1
18.4926,0.453695,0,18.4982,3.81123,0.5,0,12,6.87679,-1.46824,0.733326,0.0452127,9.86057e-05,0.734718,0,1134,1
18.4975,-0.453196,0,18.503,4.15632,0.5,0,12,10.597,2.388,0.753312,-0.0468601,8.01203e-05,0.754768,0,1135,1
18.4975,0.453198,0,18.503,4.19059,0.5,0,12,10.6338,-2.42928,0.753589,0.0466786,9.21127e-05,0.755033,0,1136,1
18.5024,-0.45264,0,18.5079,5.68898,0.5,0,12,5.70117,3.28954,0.776539,-0.0435823,7.25493e-05,0.777761,0,1137,1
18.5024,0.452643,0,18.5079,5.72066,0.5,0,12,5.72859,-3.34268,0.77683,0.0434068,8.25918e-05,0.778042,0,1138,1
18.5073,-0.452015,0,18.5128,7.15778,0.5,0,12,-5.66558,4.12042,0.796225,-0.0389718,6.89798e-05,0.797178,0,1139,1
18.5073,0.452018,0,18.5128,7.16662,0.5,0,12,-5.73633,-4.18038,0.796537,0.0387395,7.20717e-05,0.797478,0,1140,1
18.5122,-0.451308,0,18.5177,8.49284,0.5,0,12,-9.37622,5.16954,0.808024,-0.0349961,7.05046e-05,0.808782,0,1141,1
18.5122,0.451311,0,18.5177,8.52336,0.5,0,12,-9.54849,-5.21575,0.808351,0.0346706,6.13733e-05,0.809095,0,1142,1
18.5157,-0.450739,0,18.5211,8.11673,0.5,0,12,-3.1103,6.06446,0.809654,-0.0342922,7.36011e-05,0.81038,0,1143,1
18.5157,0.450739,0,18.5212,8.14806,0.5,0,12,-3.19205,-6.0968,0.809985,0.0339477,5.39143e-05,0.810696,0,1144,1
18.517,-0.450512,0,18.5225,7.84171,0.5,0,12,-0.340871,5.88976,0.808119,-0.0330581,7.38868e-05,0.808795,0,1145,1
18.5219,-0.449805,0,18.5274,6.03723,0.5,0,12,7.11178,5.20094,0.798044,-0.0348249,7.76924e-05,0.798804,0,1146,1
18.517,0.450516,0,18.5225,7.87679,0.5,0,12,-0.434368,-5.91715,0.808467,0.0327248,5.06821e-05,0.809129,0,1147,1
18.5219,0.449808,0,18.5274,6.06557,0.5,0,12,7.10935,-5.22251,0.798308,0.0345162,4.44921e-05,0.799054,0,1148,1
18.5268,-0.449211,0,18.5323,5.47671,0.5,0,12,6.48696,4.9494,0.794608,-0.0419328,8.34758e-05,0.795714,0,1149,1
18.5268,0.449213,0,18.5323,5.48411,0.5,0,12,6.42668,-4.9728,0.794713,0.0415841,4.45265e-05,0.7958,0,1150,1
18.5317,-0.448634,0,18.5371,6.16519,0.5,0,12,7.91958,5.99428,0.805562,-0.0483523,8.61815e-05,0.807011,0,1151,1
18.5317,0.448635,0,18.5371,6.1782,0.5,0,12,7.79086,-6.01035,0.805495,0.0479802,4.22169e-05,0.806923,0,1152,1
18.5366,-0.447984,0,18.542,8.56411,0.5,0,12,6.52784,7.72187,0.826591,-0.0474836,8.5594e-05,0.827954,0,1153,1
18.5366,0.447985,0,18.542,8.57094,0.5,0,12,6.40606,-7.73569,0.826423,0.0471028,3.54039e-05,0.827764,0,1154,1
18.5415,-0.447242,0,18.5469,10.5123,0.5,0,12,-6.23995,9.13989,0.847983,-0.0412655,8.43536e-05,0.848987,0,1155,1
18.5415,0.447244,0,18.5469,10.5083,0.5,0,12,-6.28258,-9.13712,0.847784,0.0408179,3.04985e-05,0.848766,0,1156,1
18.5464,-0.446391,0,18.5518,11.2215,0.5,0,12,-14.5921,10.4592,0.861468,-0.0352673,8.36352e-05,0.862189,0,1157,1
18.5464,0.446392,0,18.5518,11.2011,0.5,0,12,-14.5846,-10.4365,0.861298,0.0348665,3.03494e-05,0.862004,0,1158,1
18.5493,-0.445813,0,18.5547,11.2781,0.5,0,12,-7.23347,11.2781,0.862117,-0.0338913,8.28961e-05,0.862783,0,1159,1
18.5493,0.445813,0,18.5547,11.2591,0.5,0,12,-7.20879,-11.2591,0.861964,0.0335017,3.23538e-05,0.862615,0,1160,1
18.5513,-0.445438,0,18.5566,10.6703,0.5,0,12,-1.36317,10.6703,0.859608,-0.0313131,8.13895e-05,0.860178,0,1161,1
18.5562,-0.44464,0,18.5615,8.61975,0.5,0,12,16.2821,8.61975,0.850393,-0.0343972,7.62027e-05,0.851089,0,1162,1
18.5513,0.445439,0,18.5566,10.6561,0.5,0,12,-1.35696,-10.6561,0.85947,0.0309365,3.32003e-05,0.860027,0,1163,1
18.5562,0.44464,0,18.5615,8.59525,0.5,0,12,16.3516,-8.59525,0.850216,0.0340081,3.56661e-05,0.850895,0,1164,1
18.5611,-0.443946,0,18.5664,8.57916,0.5,0,12,18.2898,8.57916,0.85366,-0.047376,7.35661e-05,0.854973,0,1165,1
18.5611,0.443946,0,18.5664,8.54844,0.5,0,12,18.3641,-8.54844,0.853432,0.0471013,3.62766e-05,0.854731,0,1166,1
18.5659,-0.443203,0,18.5712,11.7519,0.5,0,12,7.3487,11.5764,0.87053,-0.0511988,7.43329e-05,0.872034,0,1167,1
18.5659,0.443203,0,18.5712,11.7365,0.5,0,12,7.37087,-11.5626,0.870276,0.0509834,3.29811e-05,0.871768,0,1168,1
18.5708,-0.44234,0,18.5761,14.8038,0.5,0,12,-9.29596,14.1561,0.890016,-0.0412076,7.23783e-05,0.89097,0,1169,1
18.5708,0.442341,0,18.5761,14.7898,0.5,0,12,-9.23726,-14.1444,0.889763,0.0409854,2.49348e-05,0.890706,0,1170,1
18.5757,-0.441332,0,18.581,15.6607,0.5,0,12,-16.0845,15.2371,0.90175,-0.0320226,6.15333e-05,0.902318,0,1171,1
18.5757,0.441333,0,18.581,15.6339,0.5,0,12,-15.9855,-15.2091,0.901528,0.0318406,9.3732e-06,0.90209,0,1172,1
18.5777,-0.440887,0,18.5829,15.5422,0.5,0,12,-10.2575,15.5422,0.901214,-0.0320844,5.5751e-05,0.901785,0,1173,1
18.5777,0.440887,0,18.5829,15.5159,0.5,0,12,-10.1744,-15.5159,0.901009,0.0319409,5.33566e-07,0.901575,0,1174,1
18.5806,-0.440251,0,18.5858,13.6147,0.5,0,12,1.42245,13.6147,0.896943,-0.0298111,4.71502e-05,0.897439,0,1175,1
18.5855,-0.439391,0,18.5907,11.9328,0.5,0,12,18.2406,11.9328,0.893242,-0.0399774,4.26917e-05,0.894137,0,1176,1
18.5806,0.440252,0,18.5858,13.599,0.5,0,12,1.40138,-13.599,0.896782,0.0297254,-1.05426e-05,0.897274,0,1177,1
18.5855,0.439392,0,18.5907,11.9286,0.5,0,12,18.152,-11.9286,0.893075,0.0398628,-1.29885e-05,0.893964,0,1178,1
18.5904,-0.43857,0,18.5956,13.7345,0.5,0,12,12.5338,13.7345,0.903967,-0.0490187,3.3369e-05,0.905295,0,1179,1
18.5904,0.438572,0,18.5956,13.7161,0.5,0,12,12.627,-13.7161,0.903772,0.048919,-5.97627e-06,0.905095,0,1180,1
18.5953,-0.437614,0,18.6004,17.4174,0.5,0,12,-11.1523,17.1901,0.920745,-0.0453422,1.50102e-05,0.921861,0,1181,1
18.5953,0.437618,0,18.6004,17.3983,0.5,0,12,-10.9546,-17.1721,0.920576,0.0453345,1.28534e-06,0.921692,0,1182,1
18.6002,-0.436488,0,18.6053,20.324,0.5,0,12,-35.308,20.0417,0.931144,-0.0334504,7.80009e-06,0.931745,0,1183,1
18.6002,0.436493,0,18.6053,20.3158,0.5,0,12,-35.2155,-20.0322,0.93106,0.0334163,9.22203e-06,0.931659,0,1184,1
18.6022,-0.435961,0,18.6073,20.0188,0.5,0,12,-22.6722,20.0188,0.930147,-0.030697,1.06128e-05,0.930653,0,1185,1
18.6023,0.435961,0,18.6074,20.0068,0.5,0,12,-22.5497,-20.0068,0.930088,0.0306172,4.42633e-06,0.930592,0,1186,1
18.6051,-0.435277,0,18.6102,17.1426,0.5,0,12,0.696719,17.1426,0.926653,-0.0246709,1.88505e-05,0.926982,0,1187,1
18.61,-0.434313,0,18.615,14.4247,0.5,0,12,39.4503,14.4247,0.927359,-0.0416446,3.68199e-05,0.928294,0,1188,1
18.6051,0.435282,0,18.6102,17.1519,0.5,0,12,0.528271,-17.1519,0.926663,0.0245975,-1.04352e-06,0.92699,0,1189,1
18.61,0.434317,0,18.615,14.4082,0.5,0,12,39.4029,-14.4082,0.927348,0.0415025,-1.75513e-05,0.928277,0,1190,1
18.6149,-0.433349,0,18.6199,18.4999,0.5,0,12,13.3434,18.4999,0.939857,-0.0493689,4.43632e-05,0.941153,0,1191,1
18.6149,0.433354,0,18.6199,18.4418,0.5,0,12,13.5859,-18.4418,0.93985,0.0493688,-1.70596e-05,0.941145,0,1192,1
18.6197,-0.432198,0,18.6248,21.8739,0.5,0,12,-10.1624,21.7423,0.950513,-0.0345651,4.20702e-05,0.951141,0,1193,1
18.6197,0.432203,0,18.6248,21.8337,0.5,0,12,-10.002,-21.7017,0.950575,0.0348182,-3.39251e-06,0.951212,0,1194,1
18.624,-0.431034,0,18.6289,22.1964,0.5,0,12,-0.391972,22.1964,0.95183,-0.031097,3.40944e-05,0.952338,0,1195,1
18.624,0.431034,0,18.629,22.219,0.5,0,12,-0.552306,-22.219,0.951956,0.0312959,9.89611e-07,0.952471,0,1196,1
18.6246,-0.430841,0,18.6296,21.5915,0.5,0,12,1.73987,21.5915,0.951734,-0.0297882,3.21507e-05,0.9522,0,1197,1
18.6295,-0.429678,0,18.6345,18.5423,0.5,0,12,24.3727,18.5423,0.951153,-0.0363231,6.17031e-06,0.951847,0,1198,1
18.6246,0.430847,0,18.6296,21.6434,0.5,0,12,1.4525,-21.6434,0.951865,0.0300208,1.41747e-06,0.952338,0,1199,1
18.6295,0.429682,0,18.6345,18.6089,0.5,0,12,23.6888,-18.6089,0.951244,0.036305,4.13647e-07,0.951937,0,1200,1
18.6344,-0.428628,0,18.6393,20.2345,0.5,0,12,10.4446,20.2345,0.961921,-0.0450331,-1.08212e-05,0.962975,0,1201,1
18.6344,0.428632,0,18.6393,20.2553,0.5,0,12,10.3618,-20.2553,0.962011,0.0448279,1.01238e-05,0.963055,0,1202,1
18.6393,-0.427384,0,18.6442,24.4983,0.5,0,12,-31.3403,24.4856,0.971447,-0.0376549,2.26143e-08,0.972177,0,1203,1
18.6393,0.427389,0,18.6442,24.4731,0.5,0,12,-30.4626,-24.4596,0.971607,0.0374912,3.47056e-05,0.97233,0,1204,1
18.6435,-0.426108,0,18.6484,25.6047,0.5,0,12,-15.1954,25.6047,0.970293,-0.0278945,1.0276e-05,0.970694,0,1205,1
18.6436,0.426108,0,18.6484,25.6243,0.5,0,12,-15.0523,-25.6243,0.970445,0.0278137,6.13658e-05,0.970843,0,1206,1
18.6442,-0.425901,0,18.6491,24.9885,0.5,0,12,-10.9526,24.9885,0.970049,-0.0256585,1.23563e-05,0.970388,0,1207,1
18.6491,-0.424631,0,18.6539,20.3567,0.5,0,12,47.7644,20.3567,0.972958,-0.0363301,3.44039e-06,0.973636,0,1208,1
18.6442,0.425906,0,18.6491,25.0293,0.5,0,12,-11.0506,-25.0293,0.970196,0.025643,6.52205e-05,0.970535,0,1209,1
18.6491,0.424635,0,18.6539,20.4228,0.5,0,12,46.7959,-20.4228,0.972942,0.0360777,8.96387e-05,0.973611,0,1210,1
18.654,-0.423448,0,18.6588,23.5166,0.5,0,12,16.3601,23.5166,0.985023,-0.0467342,-4.15248e-06,0.986131,0,1211,1
18.654,0.423451,0,18.6588,23.5389,0.5,0,12,15.9659,-23.5389,0.98493,0.0463784,0.000115551,0.986022,0,1212,1
18.6589,-0.422018,0,18.6636,28.2846,0.5,0,12,-38.5581,28.2846,0.987617,-0.0345527,6.983e-06,0.988222,0,1213,1
18.6589,0.422021,0,18.6636,28.305,0.5,0,12,-39.0511,-28.305,0.987466,0.0342684,0.000138496,0.98806,0,1214,1
18.6614,-0.421182,0,18.6661,28.449,0.5,0,12,-13.5562,28.449,0.98572,-0.0317111,1.76457e-05,0.98623,0,1215,1
18.6614,0.421182,0,18.6662,28.47,0.5,0,12,-13.8092,-28.47,0.985479,0.0313696,0.000141274,0.985978,0,1216,1
18.6638,-0.420428,0,18.6685,25.3681,0.5,0,12,16.5974,25.3681,0.985365,-0.0276526,3.14218e-05,0.985753,0,1217,1
18.6686,-0.419132,0,18.6734,23.8386,0.5,0,12,28.2522,23.8386,0.99523,-0.0440315,5.58319e-05,0.996204,0,1218,1
18.6638,0.420431,0,18.6685,25.3936,0.5,0,12,16.4241,-25.3936,0.985054,0.0272809,0.000142019,0.985432,0,1219,1
18.6686,0.419134,0,18.6734,23.8262,0.5,0,12,28.7363,-23.8262,0.994829,0.0437832,0.000122329,0.995792,0,1220,1
18.6735,-0.417722,0,18.6782,30.1839,0.5,0,12,-87.1139,30.1839,1.00154,-0.040375,4.79467e-05,1.00236,0,1221,1
18.6735,0.417724,0,18.6782,30.186,0.5,0,12,-87.0846,-30.186,1.00109,0.0402647,7.15956e-05,1.0019,0,1222,1
18.6778,-0.416256,0,18.6824,31.1262,0.5,0,12,-38.8076,31.1262,0.994727,-0.0214366,3.14714e-05,0.994958,0,1223,1
18.6778,0.416256,0,18.6824,31.1397,0.5,0,12,-38.8965,-31.1397,0.994197,0.0212934,1.23563e-05,0.994425,0,1224,1
18.6784,-0.416016,0,18.6831,30.2398,0.5,0,12,-26.3038,30.2398,0.994189,-0.0179803,2.76164e-05,0.994352,0,1225,1
18.6833,-0.414529,0,18.6879,23.9969,0.5,0,12,74.5591,23.9969,1.00387,-0.0384237,3.37921e-05,1.0046,0,1226,1
18.6784,0.416018,0,18.6831,30.2564,0.5,0,12,-26.4693,-30.2564,0.993661,0.0178561,3.12822e-06,0.993822,0,1227,1
18.6833,0.414529,0,18.6879,23.9707,0.5,0,12,75.0296,-23.9707,1.00344,0.0383431,-1.43454e-05,1.00417,0,1228,1
18.6882,-0.413052,0,18.6928,30.4969,0.5,0,12,-70.406,30.4969,1.01283,-0.0446146,5.6798e-05,1.01381,0,1229,1
18.6882,0.413052,0,18.6928,30.4376,0.5,0,12,-69.253,-30.4376,1.01257,0.0446144,-2.47832e-05,1.01355,0,1230,1
18.6929,-0.41133,0,18.6974,32.7413,0.5,0,12,-37.1679,32.7413,1.00326,-0.023375,7.641e-05,1.00353,0,1231,1
18.6929,0.41133,0,18.6974,32.6603,0.5,0,12,-36.1641,-32.6603,1.00317,0.0235009,-2.20597e-05,1.00345,0,1232,1
18.6931,-0.41125,0,18.6976,32.4996,0.5,0,12,-33.7806,32.4996,1.00303,-0.0222899,7.69109e-05,1.00328,0,1233,1
18.698,-0.409623,0,18.7025,26.3673,0.5,0,12,67.5469,26.3673,1.0136,-0.0426776,7.87866e-05,1.0145,0,1234,1
18.6931,0.41125,0,18.6976,32.4159,0.5,0,12,-32.7584,-32.4159,1.00295,0.0224077,-1.98262e-05,1.0032,0,1235,1
18.698,0.409622,0,18.7025,26.2942,0.5,0,12,68.0572,-26.2942,1.01369,0.0428606,3.18503e-05,1.0146,0,1236,1
18.7029,-0.408043,0,18.7073,33.905,0.5,0,12,-111.136,33.905,1.0202,-0.0438538,7.54663e-05,1.02114,0,1237,1
18.7029,0.408041,0,18.7073,33.838,0.5,0,12,-110.216,-33.838,1.02036,0.0441128,5.67034e-05,1.02131,0,1238,1
18.7071,-0.406404,0,18.7115,35.8135,0.5,0,12,-81.9536,35.8135,1.00976,-0.020765,5.59815e-05,1.00997,0,1239,1
18.7071,0.406404,0,18.7115,35.7612,0.5,0,12,-81.4963,-35.7612,1.01002,0.021152,6.04737e-05,1.01024,0,1240,1
18.7078,-0.406105,0,18.7122,34.7826,0.5,0,12,-66.9601,34.7826,1.00912,-0.0162498,4.95461e-05,1.00925,0,1241,1
18.7127,-0.404392,0,18.717,26.9779,0.5,0,12,82.8853,26.9779,1.02326,-0.0343965,-8.15878e-06,1.02383,0,1242,1
18.7078,0.406103,0,18.7122,34.727,0.5,0,12,-66.4916,-34.727,1.00937,0.0166191,6.21551e-05,1.00951,0,1243,1
18.7127,0.40439,0,18.717,26.9436,0.5,0,12,82.8157,-26.9436,1.02361,0.034727,6.33894e-05,1.0242,0,1244,1
18.7175,-0.402624,0,18.7219,32.9528,0.5,0,12,-24.0523,32.9528,1.03037,-0.0446508,-2.2413e-05,1.03134,0,1245,1
18.7175,0.402622,0,18.7219,32.9187,0.5,0,12,-23.5332,-32.9187,1.0309,0.0449907,3.80766e-05,1.03189,0,1246,1
18.7203,-0.401478,0,18.7246,35.9763,0.5,0,12,-40.8245,35.9763,1.02908,-0.0387364,-1.17117e-05,1.02981,0,1247,1
18.7203,0.401478,0,18.7246,35.9534,0.5,0,12,-40.6903,-35.9534,1.02973,0.0390667,-2.33867e-06,1.03047,0,1248,1
18.7224,-0.400573,0,18.7267,34.805,0.5,0,12,-39.1239,34.805,1.03098,-0.0317153,-5.48636e-06,1.03147,0,1249,1
18.7273,-0.398821,0,18.7316,33.5567,0.5,0,12,-31.5063,33.5567,1.04225,-0.0290872,6.45961e-06,1.04265,0,1250,1
18.7224,0.400571,0,18.7267,34.8086,0.5,0,12,-39.4479,-34.8086,1.03166,0.0319896,-4.68434e-05,1.03216,0,1251,1
18.7273,0.398819,0,18.7316,33.608,0.5,0,12,-32.9155,-33.608,1.04273,0.0291629,-0.000135968,1.04314,0,1252,1
18.7322,-0.396789,0,18.7364,35.2926,0.5,0,12,7.79773,35.2926,1.03689,-0.0192167,3.08036e-05,1.03706,0,1253,1
18.7322,0.396785,0,18.7364,35.3674,0.5,0,12,6.42168,-35.3674,1.03717,0.0192183,-0.000142973,1.03735,0,1254,1
18.7327,-0.396552,0,18.7369,35.3467,0.5,0,12,17.4486,35.3467,1.0373,-0.0205446,3.21534e-05,1.0375,0,1255,1
18.7327,0.396552,0,18.7369,35.4243,0.5,0,12,15.9028,-35.4243,1.03757,0.02051,-0.000140401,1.03777,0,1256,1
18.7371,-0.394736,0,18.7413,30.2031,0.5,0,12,74.614,30.2031,1.05184,-0.0328613,4.79546e-05,1.05235,0,1257,1
18.742,-0.392775,0,18.7461,36.7509,0.5,0,12,-69.6549,36.7509,1.05716,-0.0375997,7.50809e-05,1.05783,0,1258,1
18.7371,0.394733,0,18.7413,30.2761,0.5,0,12,73.1145,-30.2761,1.05201,0.032706,-8.26456e-05,1.05252,0,1259,1
18.742,0.392771,0,18.7461,36.7998,0.5,0,12,-70.9954,-36.7998,1.05717,0.0371466,-3.02021e-06,1.05782,0,1260,1
18.7445,-0.391626,0,18.7485,38.9194,0.5,0,12,-69.6237,38.9194,1.05309,-0.0295916,7.32621e-05,1.0535,0,1261,1
18.7444,0.391626,0,18.7485,38.911,0.5,0,12,-70.1001,-38.911,1.05302,0.0290948,4.56859e-05,1.05343,0,1262,1
18.7469,-0.390496,0,18.751,36.4638,0.5,0,12,-38.7941,36.4638,1.05286,-0.0196767,6.98879e-05,1.05304,0,1263,1
18.7518,-0.388515,0,18.7558,33.8168,0.5,0,12,43.4623,33.8168,1.06004,-0.0262904,8.2316e-05,1.06037,0,1264,1
18.7469,0.390492,0,18.751,36.3912,0.5,0,12,-38.2319,-36.3912,1.05283,0.0191054,0.000103909,1.05301,0,1265,1
18.7518,0.38851,0,18.7558,33.6563,0.5,0,12,45.4448,-33.6563,1.06005,0.026008,0.000202651,1.06037,0,1266,1
18.7556,-0.386699,0,18.7596,37.7391,0.5,0,12,29.7123,37.7391,1.0562,-0.0318615,0.000113853,1.05668,0,1267,1
18.7556,0.386699,0,18.7596,37.5155,0.5,0,12,32.3385,-37.5155,1.05635,0.0319152,0.000256321,1.05683,0,1268,1
18.7567,-0.386134,0,18.7606,37.1236,0.5,0,12,25.8737,37.1236,1.05609,-0.0319773,0.000125336,1.05657,0,1269,1
18.7616,-0.383999,0,18.7655,36.9062,0.5,0,12,-12.6679,36.9062,1.06114,-0.0342241,0.00014774,1.06169,0,1270,1
18.7567,0.386128,0,18.7606,36.8914,0.5,0,12,28.4764,-36.8914,1.05632,0.0321293,0.000259649,1.05681,0,1271,1
18.7616,0.383994,0,18.7655,36.7037,0.5,0,12,-9.73025,-36.7037,1.0617,0.0347107,0.000242101,1.06227,0,1272,1
18.7661,-0.381773,0,18.77,42.2044,0.5,0,12,-48.184,42.2044,1.05058,-0.0315123,0.000187052,1.05106,0,1273,1
18.7661,0.381773,0,18.77,42.0193,0.5,0,12,-45.4958,-42.0193,1.0516,0.0323088,0.000206023,1.0521,0,1274,1
18.7665,-0.381583,0,18.7703,41.9506,0.5,0,12,-48.1431,41.9506,1.05008,-0.0307898,0.000190422,1.05053,0,1275,1
18.7713,-0.379275,0,18.7752,37.9133,0.5,0,12,-12.5158,37.9133,1.05281,-0.0286031,0.000216307,1.0532,0,1276,1
18.7665,0.381577,0,18.7703,41.7659,0.5,0,12,-45.5362,-41.7659,1.05112,0.0315934,0.000197575,1.05159,0,1277,1
18.7713,0.379272,0,18.7752,37.8923,0.5,0,12,-12.3969,-37.8923,1.05416,0.0293325,0.000134569,1.05456,0,1278,1
18.7761,-0.376847,0,18.7799,42.1262,0.5,0,12,-16.2619,42.1262,1.04273,-0.0320364,0.0002246,1.04322,0,1279,1
18.7761,0.376847,0,18.7799,42.2087,0.5,0,12,-18.4646,-42.2087,1.0443,0.0323833,0.000168493,1.0448,0,1280,1
18.7762,-0.3768,0,18.78,42.0498,0.5,0,12,-16.1013,42.0498,1.04269,-0.0319655,0.000224716,1.04318,0,1281,1
18.7811,-0.374347,0,18.7849,37.439,0.5,0,12,12.6305,37.439,1.04917,-0.0337244,0.000168701,1.04971,0,1282,1
18.7762,0.376798,0,18.78,42.1321,0.5,0,12,-18.3306,-42.1321,1.04426,0.0323034,0.000169932,1.04476,0,1283,1
18.7811,0.374347,0,18.7849,37.6236,0.5,0,12,8.34066,-37.6236,1.05046,0.033541,0.000230305,1.051,0,1284,1
18.7857,-0.371921,0,18.7894,42.4175,0.5,0,12,-11.7274,42.4175,1.04417,-0.0425557,1.76049e-05,1.04503,0,1285,1
18.7857,0.371921,0,18.7894,42.6462,0.5,0,12,-16.3934,-42.6462,1.04515,0.0416696,0.000219538,1.04598,0,1286,1
18.786,-0.371736,0,18.7897,42.2409,0.5,0,12,-12.4977,42.2409,1.04429,-0.0425543,7.12936e-06,1.04516,0,1287,1
18.7909,-0.369197,0,18.7945,40.0494,0.5,0,12,-14.5375,40.0494,1.05102,-0.0388039,-0.000126168,1.05174,0,1288,1
18.786,0.371737,0,18.7897,42.4683,0.5,0,12,-17.0883,-42.4683,1.04524,0.0416249,0.000217755,1.04606,0,1289,1
18.7909,0.369198,0,18.7945,40.1838,0.5,0,12,-16.2832,-40.1838,1.0514,0.0374856,0.000174642,1.05207,0,1290,1
18.7948,-0.366995,0,18.7984,44.2849,0.5,0,12,-42.3288,44.2849,1.04381,-0.0385552,-0.000193876,1.04452,0,1291,1
18.7948,0.366995,0,18.7984,44.3385,0.5,0,12,-42.5344,-44.3385,1.04377,0.0372127,0.000171808,1.04443,0,1292,1
18.7958,-0.36641,0,18.7994,43.5391,0.5,0,12,-43.3726,43.5391,1.04418,-0.0365632,-0.00019993,1.04482,0,1293,1
18.8007,-0.363828,0,18.8042,39.0742,0.5,0,12,16.8772,39.0742,1.04998,-0.0306915,-0.000180814,1.05043,0,1294,1
18.7958,0.366409,0,18.7994,43.5603,0.5,0,12,-43.3427,-43.5603,1.04408,0.0352366,0.000183172,1.04468,0,1295,1
18.8007,0.363826,0,18.8042,38.9922,0.5,0,12,18.0742,-38.9922,1.04964,0.0298101,0.000229292,1.05006,0,1296,1
18.8036,-0.362069,0,18.8071,40.9143,0.5,0,12,43.9267,40.9143,1.04827,-0.0400042,-0.000168712,1.04903,0,1297,1
18.8036,0.362069,0,18.8071,40.8094,0.5,0,12,45.9519,-40.8094,1.04786,0.0394472,0.000238918,1.0486,0,1298,1
18.8056,-0.360857,0,18.809,39.4915,0.5,0,12,45.7752,39.4915,1.05328,-0.0434114,-0.000146824,1.05417,0,1299,1
18.8105,-0.358187,0,18.8139,41.2902,0.5,0,12,14.2126,41.2902,1.06103,-0.0411927,-0.000151182,1.06183,0,1300,1
18.8056,0.360855,0,18.809,39.3726,0.5,0,12,47.9593,-39.3726,1.05287,0.0430759,0.000216862,1.05376,0,1301,1
18.8105,0.358185,0,18.8139,41.1779,0.5,0,12,15.7801,-41.1779,1.06056,0.0413052,0.000178601,1.06136,0,1302,1
18.8121,-0.357143,0,18.8155,42.4982,0.5,0,12,16.053,42.4982,1.06037,-0.0437268,-0.000165418,1.06127,0,1303,1
18.8121,0.357143,0,18.8155,42.3754,0.5,0,12,17.8001,-42.3754,1.05992,0.0439275,0.00017932,1.06083,0,1304,1
18.8154,-0.35509,0,18.8187,40.2905,0.5,0,12,3.34255,40.2905,1.06755,-0.0447829,-0.00020058,1.06849,0,1305,1
18.8201,-0.352217,0,18.8234,48.0666,0.5,0,12,-156.674,48.0666,1.06372,-0.0404958,-0.000212326,1.06449,0,1306,1
18.8154,0.355088,0,18.8187,40.1635,0.5,0,12,5.16129,-40.1635,1.06744,0.0451723,0.000149264,1.0684,0,1307,1
18.8201,0.352217,0,18.8234,47.9767,0.5,0,12,-155.998,-47.9767,1.06404,0.0409317,-3.85312e-05,1.06483,0,1308,1
18.8202,-0.352103,0,18.8235,48.0062,0.5,0,12,-158.918,48.0062,1.06389,-0.039735,-0.000211278,1.06463,0,1309,1
18.8251,-0.349099,0,18.8284,38.5575,0.5,0,12,-17.2339,38.5575,1.07061,-0.0104247,-0.000144319,1.07066,0,1310,1
18.8202,0.3521,0,18.8235,47.9201,0.5,0,12,-158.359,-47.9201,1.06422,0.0401469,-4.83758e-05,1.06498,0,1311,1
18.8251,0.349097,0,18.8284,38.5016,0.5,0,12,-17.7242,-38.5016,1.07099,0.0105058,-0.000287316,1.07105,0,1312,1
18.8278,-0.347291,0,18.831,36.4582,0.5,0,12,103.066,36.4582,1.07554,-0.0209017,-0.000101322,1.07574,0,1313,1
18.8278,0.347291,0,18.831,36.376,0.5,0,12,102.948,-36.376,1.07603,0.0209487,-0.000334642,1.07623,0,1314,1
18.83,-0.345794,0,18.8332,33.6508,0.5,0,12,132.15,33.6508,1.09523,-0.0282283,-0.000100314,1.09559,0,1315,1
18.8349,-0.342701,0,18.838,41.4548,0.5,0,12,-29.7604,41.4548,1.12484,-0.0247334,-6.28207e-05,1.12511,0,1316,1
18.83,0.345793,0,18.8332,33.5638,0.5,0,12,132.393,-33.5638,1.09584,0.0283434,-0.000295403,1.09621,0,1317,1
18.8349,0.342699,0,18.838,41.4455,0.5,0,12,-30.8152,-41.4455,1.12568,0.0247746,-0.000263297,1.12596,0,1318,1
18.8354,-0.342365,0,18.8385,41.8741,0.5,0,12,-41.4516,41.8741,1.12537,-0.0219793,-5.56683e-05,1.12558,0,1319,1
18.8354,0.342365,0,18.8385,41.8662,0.5,0,12,-42.5544,-41.8662,1.12623,0.0220008,-0.000270057,1.12644,0,1320,1
18.8398,-0.339343,0,18.8429,38.4978,0.5,0,12,-46.3973,38.4978,1.1446,0.0241006,7.12609e-05,1.14486,0,1321,1
18.8424,-0.337438,0,18.8455,35.5952,0.5,0,12,14.4027,35.5952,1.15171,0.0338149,0.000111327,1.1522,0,1322,1
18.8398,0.339342,0,18.8429,38.5552,0.5,0,12,-47.9985,-38.5552,1.14543,-0.0244812,-0.000341193,1.14569,0,1323,1
18.8424,0.337438,0,18.8455,35.6601,0.5,0,12,12.8121,-35.6601,1.1525,-0.034386,-0.000344492,1.15301,0,1324,1
18.8447,-0.33579,0,18.8477,31.9088,0.5,0,12,42.0282,31.9088,1.17098,0.0436495,6.36197e-05,1.1718,0,1325,1
18.8494,-0.332512,0,18.8523,32.4573,0.5,0,12,31.4936,32.4573,1.20228,0.0527951,2.25195e-05,1.20344,0,1326,1
18.8447,0.335788,0,18.8477,31.9774,0.5,0,12,40.7228,-31.9774,1.17163,-0.0443748,-0.000308291,1.17247,0,1327,1
18.8494,0.332512,0,18.8523,32.5472,0.5,0,12,30.9899,-32.5472,1.20261,-0.053683,-0.000155112,1.2038,0,1328,1
18.8496,-0.332355,0,18.8525,32.4552,0.5,0,12,30.4759,32.4552,1.2039,0.0535928,2.51467e-05,1.20509,0,1329,1
18.8545,-0.328862,0,18.8573,30.9462,0.5,0,12,13.2287,30.9462,1.2354,0.0825733,0.000139622,1.23816,0,1330,1
18.8496,0.332353,0,18.8525,32.5441,0.5,0,12,29.9766,-32.5441,1.20422,-0.0544973,-0.000145437,1.20545,0,1331,1
18.8545,0.328859,0,18.8573,30.9945,0.5,0,12,12.9628,-30.9945,1.23508,-0.0834808,5.94543e-05,1.2379,0,1332,1
18.8561,-0.327586,0,18.8589,30.7697,0.5,0,12,12.8296,30.7697,1.24138,0.0887941,0.000160534,1.24456,0,1333,1
18.8561,0.327586,0,18.8589,30.7978,0.5,0,12,12.5663,-30.7978,1.24085,-0.0895728,8.73588e-05,1.24408,0,1334,1
18.8594,-0.325062,0,18.8622,28.6265,0.5,0,12,12.6927,28.6265,1.26004,0.107248,0.000147018,1.26459,0,1335,1
18.8624,-0.32266,0,18.8652,27.9926,0.5,0,12,12.6321,27.9926,1.27199,0.119063,0.000130861,1.27755,0,1336,1
18.8594,0.325058,0,18.8622,28.5408,0.5,0,12,12.5322,-28.5408,1.25929,-0.107723,2.99909e-05,1.26389,0,1337,1
18.8624,0.32266,0,18.8652,27.8591,0.5,0,12,12.677,-27.8591,1.27112,-0.119025,-6.47359e-05,1.27668,0,1338,1
18.8643,-0.321174,0,18.867,27.0055,0.5,0,12,12.756,27.0055,1.28221,0.128936,0.000130189,1.28867,0,1339,1
18.8686,-0.317734,0,18.8713,25.8428,0.5,0,12,12.8037,25.8428,1.29956,0.148039,9.83697e-05,1.30797,0,1340,1
18.8643,0.321169,0,18.867,26.8287,0.5,0,12,12.8951,-26.8287,1.28154,-0.128624,-0.000103713,1.28798,0,1341,1
18.8686,0.317734,0,18.8713,25.6891,0.5,0,12,13.1686,-25.6891,1.29931,-0.147088,-0.000212693,1.30761,0,1342,1
18.8691,-0.317303,0,18.8718,25.5371,0.5,0,12,12.8561,25.5371,1.30249,0.150786,9.22494e-05,1.31119,0,1343,1
18.874,-0.313386,0,18.8766,22.4458,0.5,0,12,14.6562,22.4458,1.3275,0.169708,2.2347e-05,1.3383,0,1344,1
18.8691,0.317297,0,18.8718,25.3942,0.5,0,12,13.212,-25.3942,1.30236,-0.149809,-0.000222926,1.31095,0,1345,1
18.874,0.313381,0,18.8766,22.5091,0.5,0,12,14.7057,-22.5091,1.32788,-0.168777,-0.000279458,1.33856,0,1346,1
18.8747,-0.312808,0,18.8773,22.309,0.5,0,12,14.8213,22.309,1.32994,0.171243,1.80887e-05,1.34092,0,1347,1
18.8747,0.312808,0,18.8773,22.39,0.5,0,12,14.8174,-22.39,1.33034,-0.170373,-0.00028221,1.3412,0,1348,1
18.8789,-0.309239,0,18.8815,21.2869,0.5,0,12,15.0505,21.2869,1.35158,0.188979,1.80785e-05,1.36472,0,1349,1
18.8805,-0.307882,0,18.883,21.2288,0.5,0,12,14.4497,21.2288,1.35655,0.195254,3.26174e-05,1.37053,0,1350,1
18.8789,0.309236,0,18.8815,21.5047,0.5,0,12,14.7232,-21.5047,1.35174,-0.188892,-0.000242801,1.36488,0,1351,1
18.8805,0.307882,0,18.883,21.4474,0.5,0,12,13.8735,-21.4474,1.35654,-0.195393,-0.000235134,1.37054,0,1352,1
18.8838,-0.304936,0,18.8863,20.6588,0.5,0,12,11.0302,20.6588,1.36931,0.214333,0.000103181,1.38598,0,1353,1
18.886,-0.302956,0,18.8885,20.1119,0.5,0,12,9.17042,20.1119,1.37409,0.225269,0.000152354,1.39243,0,1354,1
18.8838,0.304932,0,18.8863,20.7846,0.5,0,12,10.4898,-20.7846,1.3688,-0.215035,-0.000201983,1.38559,0,1355,1
18.886,0.302956,0,18.8884,20.1487,0.5,0,12,9.26064,-20.1487,1.37333,-0.225907,-0.000176261,1.39179,0,1356,1
18.8887,-0.300515,0,18.8911,18.7681,0.5,0,12,10.3257,18.7681,1.38207,0.242226,0.000148463,1.40314,0,1357,1
18.8914,-0.29803,0,18.8938,17.0989,0.5,0,12,14.0479,17.0989,1.38719,0.253412,0.000132138,1.41015,0,1358,1
18.8887,0.30051,0,18.8911,18.6197,0.5,0,12,11.1817,-18.6197,1.38134,-0.24273,-0.000156831,1.4025,0,1359,1
18.8914,0.29803,0,18.8938,16.8528,0.5,0,12,14.8756,-16.8528,1.38653,-0.253498,-0.000115876,1.40951,0,1360,1
18.8936,-0.295974,0,18.8959,15.3856,0.5,0,12,15.8511,15.3856,1.39531,0.264365,0.000131714,1.42013,0,1361,1
18.8966,-0.293103,0,18.8989,13.5582,0.5,0,12,15.6588,13.5582,1.40352,0.27389,0.000185754,1.43,0,1362,1
18.8936,0.295969,0,18.8959,15.1309,0.5,0,12,16.4127,-15.1309,1.39541,-0.264053,-7.84197e-05,1.42017,0,1363,1
18.8966,0.293103,0,18.8989,13.3921,0.5,0,12,16.4254,-13.3921,1.40478,-0.273437,1.97417e-05,1.43115,0,1364,1
18.8985,-0.291294,0,18.9007,12.8259,0.5,0,12,15.6468,12.8259,1.41325,0.281787,0.000382651,1.44107,0,1365,1
18.9017,-0.288177,0,18.9039,11.7687,0.5,0,12,14.0977,11.7687,1.42529,0.295607,0.000625909,1.45562,0,1366,1
18.8985,0.291292,0,18.9007,12.9362,0.5,0,12,15.905,-12.9362,1.4145,-0.281383,4.73756e-05,1.44221,0,1367,1
18.9017,0.288177,0,18.9039,12.365,0.5,0,12,12.8687,-12.365,1.42592,-0.295773,0.000239888,1.45627,0,1368,1
18.9034,-0.28647,0,18.9056,12.0142,0.5,0,12,10.0103,12.0142,1.43269,0.306065,0.000923029,1.46501,0,1369,1
18.9066,-0.283251,0,18.9087,11.1559,0.5,0,12,6.27084,11.1559,1.44085,0.323279,0.00135732,1.47668,0,1370,1
18.9034,0.286467,0,18.9056,12.6158,0.5,0,12,8.6936,-12.6158,1.43179,-0.306691,0.000380156,1.46427,0,1371,1
18.9066,0.283251,0,18.9087,11.5013,0.5,0,12,6.18807,-11.5013,1.43762,-0.324603,0.000498875,1.47381,0,1372,1
18.9083,-0.281481,0,18.9104,10.7268,0.5,0,12,6.42304,10.7268,1.44417,0.3348,0.00145868,1.48247,0,1373,1
18.9113,-0.278325,0,18.9133,9.54627,0.5,0,12,7.88037,9.54627,1.44858,0.348152,0.00122645,1.48983,0,1374,1
18.9083,0.281478,0,18.9104,10.7676,0.5,0,12,8.1287,-10.7676,1.44134,-0.336178,0.000497333,1.48003,0,1375,1
18.9113,0.278325,0,18.9133,9.02167,0.5,0,12,12.056,-9.02167,1.44649,-0.349039,2.5754e-05,1.48801,0,1376,1
18.9132,-0.276306,0,18.9152,8.85343,0.5,0,12,10.0181,8.85343,1.45195,0.357519,0.00083807,1.49532,0,1377,1
18.9158,-0.273399,0,18.9178,7.97238,0.5,0,12,9.99041,7.97238,1.45417,0.36948,0.000452254,1.50037,0,1378,1
18.9132,0.276307,0,18.9152,8.28396,0.5,0,12,13.6373,-8.28396,1.45147,-0.358255,-0.000387896,1.49503,0,1379,1
18.9158,0.273399,0,18.9178,7.46332,0.5,0,12,12.4525,-7.46332,1.45598,-0.368798,-0.000743401,1.50197,0,1380,1
18.9181,-0.270964,0,18.92,7.58109,0.5,0,12,5.68611,7.58109,1.45861,0.383397,0.00039284,1.50816,0,1381,1
18.9203,-0.268473,0,18.9222,6.50031,0.5,0,12,4.63274,6.50031,1.45995,0.393322,0.000250275,1.512,0,1382,1
18.9181,0.270961,0,18.92,7.31954,0.5,0,12,7.93225,-7.31954,1.46053,-0.380957,-0.000868876,1.50939,0,1383,1
18.9203,0.268473,0,18.9222,6.65554,0.5,0,12,5.7704,-6.65554,1.46203,-0.39106,-0.000801814,1.51343,0,1384,1
18.9229,-0.265446,0,18.9248,5.15344,0.5,0,12,9.88051,5.15344,1.46247,0.406631,0.000191833,1.51795,0,1385,1
18.9246,-0.263547,0,18.9264,4.32832,0.5,0,12,12.7624,4.32832,1.46418,0.412014,0.000316067,1.52105,0,1386,1
18.9229,0.265438,0,18.9248,5.46751,0.5,0,12,8.51805,-5.46751,1.46496,-0.406294,-0.000304921,1.52026,0,1387,1
18.9246,0.263547,0,18.9264,4.60385,0.5,0,12,10.971,-4.60385,1.46617,-0.412515,-9.27479e-05,1.5231,0,1388,1
18.9278,-0.259725,0,18.9296,3.3703,0.5,0,12,12.9979,3.3703,1.47135,0.425606,0.000244247,1.53167,0,1389,1
18.9288,-0.258621,0,18.9306,3.24456,0.5,0,12,13.1085,3.06064,1.47206,0.428766,0.000275729,1.53323,0,1390,1
18.9278,0.259717,0,18.9296,3.33762,0.5,0,12,12.268,-3.33762,1.47221,-0.427595,0.000128411,1.53305,0,1391,1
18.9288,0.258621,0,18.9306,3.16828,0.5,0,12,12.7282,-2.95301,1.47283,-0.430863,0.000136533,1.53456,0,1392,1
18.9327,-0.25416,0,18.9344,2.15315,0.5,0,12,17.8102,1.21043,1.47659,0.444857,0.000335843,1.54215,0,1393,1
18.9332,-0.253695,0,18.9349,2.14189,0.5,0,12,18.779,1.12572,1.47642,0.445611,0.000354556,1.5422,0,1394,1
18.9327,0.254152,0,18.9344,2.17646,0.5,0,12,18.1839,-1.04378,1.47771,-0.447253,0.00023406,1.54391,0,1395,1
18.9332,0.253695,0,18.9349,2.18579,0.5,0,12,19.047,-0.955973,1.47762,-0.448015,0.00026888,1.54405,0,1396,1
18.9376,-0.247387,0,18.9392,1.95874,0.5,0,12,24.7727,0.280024,1.47325,0.46255,0.000287035,1.54415,0,1397,1
18.9404,-0.243842,0,18.9419,3.50409,0.5,0,12,27.1563,-1.19308,1.46944,0.472005,0.000120363,1.54339,0,1398,1
18.9365,-0.248768,0,18.9382,2.0105,0.5,0,12,23.6251,0.873611,1.4735,0.456739,0.000344871,1.54266,0,1399,1
18.9376,0.247381,0,18.9392,1.9149,0.5,0,12,23.266,-0.149298,1.47411,-0.463851,0.000582464,1.54536,0,1400,1
18.9365,0.248768,0,18.9381,1.9755,0.5,0,12,22.4798,-0.776176,1.47455,-0.45851,0.000569201,1.54419,0,1401,1
18.9404,0.243842,0,18.9419,3.48168,0.5,0,12,24.7285,1.29152,1.46944,-0.471779,0.000534824,1.54332,0,1402,1
18.9425,-0.240969,0,18.944,2.99843,0.5,0,12,29.9339,-2.74459,1.46983,0.480675,7.26892e-05,1.54643,0,1403,1
18.944,-0.238916,0,18.9455,3.3344,0.5,0,12,29.6969,-3.03227,1.46819,0.483282,6.68247e-05,1.54569,0,1404,1
18.9425,0.240962,0,18.944,3.11242,0.5,0,12,27.5469,2.86672,1.4695,-0.479404,0.000375653,1.54573,0,1405,1
18.944,0.238916,0,18.9455,3.44509,0.5,0,12,28.0017,3.15291,1.46768,-0.481641,0.00020269,1.54468,0,1406,1
18.9474,-0.234055,0,18.9488,4.97157,0.5,0,12,32.011,-4.6898,1.47093,0.498958,0.000294351,1.55325,0,1407,1
18.9474,0.234047,0,18.9488,5.05887,0.5,0,12,32.0286,4.75925,1.47086,-0.498018,-0.000248732,1.55289,0,1408,1
18.9474,-0.23399,0,18.9489,4.9778,0.5,0,12,31.9985,-4.69515,1.4709,0.499101,0.000297055,1.55327,0,1409,1
18.9474,0.23399,0,18.9489,5.06579,0.5,0,12,32.0366,4.76537,1.47084,-0.498154,-0.000253641,1.55291,0,1410,1
18.9507,-0.229064,0,18.9521,5.59895,0.5,0,12,32.2197,-4.26418,1.46451,0.513635,0.000527574,1.55197,0,1411,1
18.9523,-0.226841,0,18.9536,5.82159,0.5,0,12,34.3361,-5.5912,1.46284,0.522525,0.000638568,1.55337,0,1412,1
18.9541,-0.224138,0,18.9555,6.75866,0.5,0,12,34.533,-6.44121,1.45931,0.528185,0.000708224,1.55195,0,1413,1
18.9523,0.226833,0,18.9536,5.88699,0.5,0,12,34.4475,5.64727,1.46328,-0.523275,-0.000508612,1.55403,0,1414,1
18.9507,0.229064,0,18.9521,5.7258,0.5,0,12,32.3173,4.30795,1.46504,-0.514012,-0.000491435,1.5526,0,1415,1
18.9541,0.224138,0,18.9555,6.8152,0.5,0,12,34.2477,6.4855,1.45977,-0.528939,-0.000432382,1.55264,0,1416,1
18.9572,-0.219294,0,18.9584,8.24379,0.5,0,12,37.1183,-8.12012,1.46291,0.543653,0.000691622,1.56066,0,1417,1
18.9572,0.219285,0,18.9584,8.30097,0.5,0,12,36.5896,8.18541,1.463,-0.543823,-0.000185911,1.5608,0,1418,1
18.9572,-0.219212,0,18.9585,8.23832,0.5,0,12,37.1058,-8.11403,1.46289,0.543782,0.000688847,1.56068,0,1419,1
18.9572,0.219212,0,18.9585,8.29466,0.5,0,12,36.5732,8.17859,1.46297,-0.543925,-0.000180392,1.56081,0,1420,1
18.9602,-0.214286,0,18.9614,8.70476,0.5,0,12,37.8336,-7.94477,1.45328,0.556765,0.000346604,1.55628,0,1421,1
18.9621,-0.211348,0,18.9632,9.94688,0.5,0,12,40.9319,-9.77026,1.45347,0.565935,0.000124312,1.55976,0,1422,1
18.9633,-0.20936,0,18.9645,10.1457,0.5,0,12,40.4742,-9.92604,1.45228,0.568067,-2.19553e-05,1.55943,0,1423,1
18.9621,0.211338,0,18.9632,9.96058,0.5,0,12,40.5005,9.79065,1.45305,-0.564774,0.000506766,1.55895,0,1424,1
18.9602,0.214286,0,18.9614,8.70219,0.5,0,12,37.1766,7.97261,1.45297,-0.555982,0.000249896,1.55571,0,1425,1
18.9633,0.20936,0,18.9645,10.1355,0.5,0,12,40.2701,9.92443,1.45178,-0.56676,0.000671268,1.55849,0,1426,1
18.967,-0.202842,0,18.968,11.0294,0.5,0,12,42.839,-10.8482,1.44713,0.587064,-0.00026081,1.56168,0,1427,1
18.9689,-0.199507,0,18.97,11.1224,0.5,0,12,42.3058,-10.7851,1.4411,0.591387,-0.000270429,1.55773,0,1428,1
18.966,-0.204434,0,18.9671,10.8121,0.5,0,12,41.634,-10.1034,1.4486,0.581814,-0.000245144,1.56107,0,1429,1
18.967,0.202831,0,18.968,11.0063,0.5,0,12,43.2541,10.83,1.44644,-0.585734,0.000956837,1.56053,0,1430,1
18.966,0.204434,0,18.9671,10.77,0.5,0,12,41.982,10.0764,1.44793,-0.580441,0.00092671,1.55994,0,1431,1
18.9689,0.199507,0,18.9699,11.1072,0.5,0,12,42.8096,10.7808,1.44048,-0.590122,0.00094169,1.55667,0,1432,1
18.9718,-0.193828,0,18.9728,12.5595,0.5,0,12,45.3406,-12.4607,1.43705,0.607845,-0.00024798,1.56032,0,1433,1
18.9741,-0.189655,0,18.975,12.3826,0.5,0,12,44.1418,-12.0332,1.42762,0.611946,-0.000188951,1.55325,0,1434,1
18.9714,-0.194581,0,18.9724,12.5911,0.5,0,12,44.9375,-12.1136,1.43791,0.605584,-0.000253149,1.56023,0,1435,1
18.9718,0.193816,0,18.9728,12.5541,0.5,0,12,45.8456,12.4555,1.43654,-0.606643,0.000768598,1.55938,0,1436,1
18.9714,0.194581,0,18.9724,12.5771,0.5,0,12,45.4351,12.1053,1.43737,-0.604337,0.000799039,1.55925,0,1437,1
18.9741,0.189655,0,18.975,12.3763,0.5,0,12,44.5766,12.0322,1.4273,-0.610898,0.000558737,1.55254,0,1438,1
18.9767,-0.184199,0,18.9776,14.4169,0.5,0,12,48.2621,-14.3495,1.42424,0.625178,-6.7097e-05,1.55541,0,1439,1
18.9789,-0.179803,0,18.9798,13.325,0.5,0,12,47.0299,-12.982,1.41628,0.626837,-5.49445e-05,1.54879,0,1440,1
18.9764,-0.184729,0,18.9773,14.4811,0.5,0,12,47.9301,-14.1516,1.4245,0.624026,-7.40378e-05,1.55519,0,1441,1
18.9767,0.184187,0,18.9776,14.3973,0.5,0,12,48.3921,14.3271,1.42405,-0.624363,0.000313908,1.55491,0,1442,1
18.9764,0.184729,0,18.9773,14.463,0.5,0,12,48.0733,14.1303,1.42431,-0.623169,0.000339902,1.55467,0,1443,1
18.9789,0.179803,0,18.9798,13.2855,0.5,0,12,47.0853,12.9355,1.41611,-0.62617,7.16356e-05,1.54837,0,1444,1
18.9816,-0.173833,0,18.9824,14.8874,0.5,0,12,51.5066,-14.8103,1.40744,0.639609,-0.000132273,1.54596,0,1445,1
18.9835,-0.169951,0,18.9843,13.8759,0.5,0,12,50.7337,-13.651,1.40059,0.63879,-9.61192e-05,1.53938,0,1446,1
18.9811,-0.174877,0,18.9819,14.9432,0.5,0,12,50.6755,-14.3927,1.40801,0.637785,-0.000129553,1.54572,0,1447,1
18.9816,0.173823,0,18.9824,14.8503,0.5,0,12,51.6851,14.7764,1.40701,-0.639184,-0.00014429,1.54539,0,1448,1
18.9811,0.174877,0,18.9819,14.902,0.5,0,12,50.8313,14.3391,1.4076,-0.637314,-0.000121063,1.54516,0,1449,1
18.9835,0.169951,0,18.9842,13.8839,0.5,0,12,50.8403,13.6703,1.40014,-0.63837,-0.000206511,1.5388,0,1450,1
18.9865,-0.162585,0,18.9872,15.8961,0.5,0,12,54.2125,-15.8961,1.38835,0.650319,7.83568e-05,1.53311,0,1451,1
18.9877,-0.160099,0,18.9884,15.36,0.5,0,12,53.4178,-15.36,1.38612,0.647498,0.00011239,1.5299,0,1452,1
18.9854,-0.165025,0,18.9861,15.3512,0.5,0,12,52.2701,-14.6114,1.38827,0.647528,3.23443e-05,1.53186,0,1453,1
18.9865,0.162576,0,18.9872,15.9657,0.5,0,12,54.2846,15.9657,1.38821,-0.649774,-0.000139874,1.53275,0,1454,1
18.9854,0.165025,0,18.9861,15.3887,0.5,0,12,52.2922,14.6702,1.38798,-0.646999,-0.000180909,1.53137,0,1455,1
18.9877,0.160099,0,18.9884,15.4331,0.5,0,12,53.5402,15.4331,1.38612,-0.646963,-9.26771e-05,1.52967,0,1456,1
18.9914,-0.150169,0,18.992,15.4288,0.5,0,12,57.7617,-15.4205,1.36191,0.659237,0.00011365,1.51308,0,1457,1
18.9933,-0.14532,0,18.9939,14.1686,0.5,0,12,56.3073,-13.8435,1.35319,0.652792,8.63181e-05,1.50242,0,1458,1
18.9914,-0.150246,0,18.992,15.4457,0.5,0,12,57.725,-15.3901,1.36194,0.659191,0.000113463,1.51308,0,1459,1
18.9895,-0.155172,0,18.9901,13.7876,0.5,0,12,53.3992,-13.2215,1.3749,0.651617,0.000103398,1.52149,0,1460,1
18.9914,0.15016,0,18.992,15.4341,0.5,0,12,57.5142,15.4246,1.36213,-0.659023,0.000105055,1.51318,0,1461,1
18.9914,0.150246,0,18.992,15.4536,0.5,0,12,57.4778,15.3909,1.36217,-0.658972,0.0001043,1.51319,0,1462,1
18.9895,0.155172,0,18.9901,13.8294,0.5,0,12,53.5179,13.2573,1.37513,-0.651235,2.11477e-06,1.52154,0,1463,1
18.9933,0.14532,0,18.9939,14.1494,0.5,0,12,55.9355,13.8183,1.35327,-0.652467,0.000110873,1.50235,0,1464,1
18.9963,-0.136357,0,18.9968,17.6019,0.5,0,12,55.1521,-17.6019,1.33503,0.655775,4.0251e-05,1.48739,0,1465,1
18.9967,-0.135468,0,18.9971,17.6168,0.5,0,12,54.249,-17.6168,1.33455,0.653133,3.57636e-05,1.4858,0,1466,1
18.9948,-0.140394,0,18.9953,15.4613,0.5,0,12,56.0937,-14.501,1.33503,0.656825,5.34771e-05,1.48786,0,1467,1
18.9963,0.136354,0,18.9968,17.558,0.5,0,12,55.4236,17.558,1.33465,-0.655366,4.8513e-06,1.48687,0,1468,1
18.9948,0.140394,0,18.9953,15.4189,0.5,0,12,55.9704,14.4468,1.33488,-0.656411,5.20565e-05,1.48754,0,1469,1
18.9967,0.135468,0,18.9971,17.5759,0.5,0,12,54.5956,17.5759,1.33413,-0.65273,-5.05209e-06,1.48525,0,1470,1
19.0012,-0.120481,0,19.0016,16.7568,0.5,0,12,53.7461,-16.7568,1.28731,0.641563,-6.2959e-05,1.43833,0,1471,1
19.0027,-0.115764,0,19.003,16.1093,0.5,0,12,56.5196,-16.1093,1.29561,0.623707,-0.000102579,1.43793,0,1472,1
19.0011,-0.12069,0,19.0015,16.7388,0.5,0,12,53.596,-16.6322,1.28669,0.64204,-6.14434e-05,1.43798,0,1473,1
18.9996,-0.125616,0,19,12.6785,0.5,0,12,60.7858,-10.8362,1.30019,0.646961,-4.12051e-05,1.45225,0,1474,1
18.9983,-0.130542,0,18.9988,13.603,0.5,0,12,57.4926,-12.7876,1.33069,0.644769,-3.88416e-06,1.47867,0,1475,1
19.0012,0.120485,0,19.0016,16.8753,0.5,0,12,53.356,16.8753,1.28708,-0.641027,-0.000112598,1.43787,0,1476,1
19.0011,0.12069,0,19.0015,16.8569,0.5,0,12,53.2009,16.754,1.28645,-0.641492,-0.000113134,1.43752,0,1477,1
18.9996,0.125616,0,19,12.7326,0.5,0,12,60.7361,10.913,1.29965,-0.646479,-9.40884e-05,1.45156,0,1478,1
18.9983,0.130542,0,18.9988,13.6035,0.5,0,12,57.8198,12.7961,1.33012,-0.644343,-5.21602e-05,1.47797,0,1479,1
19.0027,0.115764,0,19.003,16.1957,0.5,0,12,56.4247,16.1957,1.29571,-0.623234,-8.63554e-05,1.43781,0,1480,1
19.0061,-0.101687,0,19.0063,12.4633,0.5,0,12,70.508,-12.4633,1.2474,0.607613,-0.000112497,1.38751,0,1481,1
19.0063,-0.100985,0,19.0066,12.7801,0.5,0,12,70.397,-12.7801,1.24515,0.604605,-0.00011128,1.38418,0,1482,1
19.0049,-0.105911,0,19.0052,10.7192,0.5,0,12,68.0764,-8.91965,1.2604,0.614943,-0.000114007,1.40241,0,1483,1
19.0038,-0.110837,0,19.0042,11.7321,0.5,0,12,65.0608,-10.7301,1.28785,0.617996,-0.000125523,1.42846,0,1484,1
19.0061,0.101696,0,19.0063,12.3782,0.5,0,12,70.6729,12.3782,1.24757,-0.607494,-7.74855e-05,1.38762,0,1485,1
19.0049,0.105911,0,19.0052,10.7006,0.5,0,12,68.2949,8.90247,1.26068,-0.614671,-6.10945e-05,1.40254,0,1486,1
19.0038,0.110837,0,19.0042,11.7682,0.5,0,12,65.3193,10.7695,1.28809,-0.617616,-5.78132e-05,1.42851,0,1487,1
19.0063,0.100985,0,19.0066,12.6909,0.5,0,12,70.5505,12.6909,1.24527,-0.604475,-7.80856e-05,1.38423,0,1488,1
19.011,-0.0775746,0,19.0111,10.4667,0.5,0,12,79.2258,-10.4667,1.20762,0.540771,9.97087e-05,1.32317,0,1489,1
19.0112,-0.0763547,0,19.0114,10.5088,0.5,0,12,79.1779,-10.5088,1.20537,0.534932,0.000102829,1.31873,0,1490,1
19.0102,-0.0812808,0,19.0104,10.5573,0.5,0,12,76.9189,-9.19842,1.21346,0.551956,9.03505e-05,1.33309,0,1491,1
19.0093,-0.0862069,0,19.0095,11.0372,0.5,0,12,74.0965,-9.15018,1.23022,0.564297,6.55015e-05,1.35346,0,1492,1
19.0085,-0.091133,0,19.0087,12.6382,0.5,0,12,71.463,-11.9312,1.24417,0.573941,1.83301e-06,1.37017,0,1493,1
19.011,0.0775945,0,19.0111,10.4865,0.5,0,12,79.779,10.4865,1.20658,-0.541087,2.33768e-06,1.32235,0,1494,1
19.0102,0.0812808,0,19.0104,10.5473,0.5,0,12,77.5812,9.18367,1.21235,-0.552233,-1.0591e-05,1.3322,0,1495,1
19.0093,0.0862069,0,19.0095,10.9933,0.5,0,12,74.7637,9.06912,1.22923,-0.564482,-3.77247e-05,1.35264,0,1496,1
19.0085,0.091133,0,19.0087,12.5338,0.5,0,12,71.9026,11.8048,1.2435,-0.574,-5.31143e-05,1.36959,0,1497,1
19.0112,0.0763547,0,19.0114,10.5406,0.5,0,12,79.6818,10.5406,1.20431,-0.535138,3.45818e-06,1.31785,0,1498,1
19.0075,-0.0960591,0,19.0078,14.1148,0.5,0,12,70.1135,-14.1148,1.24498,0.585737,-8.09534e-05,1.37589,0,1499,1
19.0075,0.0960591,0,19.0078,13.9858,0.5,0,12,70.3114,13.9858,1.24473,-0.585715,-7.13883e-05,1.37565,0,1500,1
19.0159,-0.0390781,0,19.0159,6.40782,0.5,0,12,104.35,-6.40782,1.1414,0.355311,0.000194055,1.19542,0,1501,1
19.0161,-0.0369458,0,19.0161,6.1043,0.5,0,12,105.489,-6.1043,1.13934,0.340208,0.000183728,1.18905,0,1502,1
19.0156,-0.0418719,0,19.0156,7.03578,0.5,0,12,101.561,-6.46075,1.14361,0.37325,0.000200388,1.20298,0,1503,1
19.015,-0.046798,0,19.0151,7.99709,0.5,0,12,97.1749,-6.49647,1.14947,0.402382,0.000202293,1.21786,0,1504,1
19.0145,-0.0517241,0,19.0146,8.79707,0.5,0,12,93.4003,-6.61248,1.1582,0.429386,0.000199033,1.23523,0,1505,1
19.0159,0.0391163,0,19.0159,6.65031,0.5,0,12,104.409,6.65031,1.14255,-0.355565,7.17176e-05,1.19659,0,1506,1
19.0156,0.0418719,0,19.0156,7.28489,0.5,0,12,101.689,6.73282,1.14427,-0.373204,6.33329e-05,1.20359,0,1507,1
19.015,0.046798,0,19.0151,8.17126,0.5,0,12,97.3671,6.71413,1.14941,-0.402344,4.29658e-05,1.2178,0,1508,1
19.0145,0.0517241,0,19.0146,8.87863,0.5,0,12,93.6354,6.74036,1.15775,-0.429388,2.40713e-05,1.23481,0,1509,1
19.0161,0.0369458,0,19.0161,6.31238,0.5,0,12,105.548,6.31238,1.14079,-0.340261,7.37025e-05,1.19045,0,1510,1
19.014,-0.0566502,0,19.0141,9.63762,0.5,0,12,89.9708,-7.29683,1.17006,0.453759,0.000190182,1.25496,0,1511,1
19.014,0.0566502,0,19.0141,9.66647,0.5,0,12,90.2327,7.36398,1.16947,-0.453803,1.00328e-05,1.25443,0,1512,1
19.0135,-0.0615764,0,19.0136,10.073,0.5,0,12,86.4521,-8.54606,1.18148,0.474888,0.000167528,1.27334,0,1513,1
19.0135,0.0615764,0,19.0136,10.0904,0.5,0,12,86.758,8.59916,1.18085,-0.474967,1.38808e-06,1.27279,0,1514,1
19.0129,-0.0665025,0,19.013,9.97873,0.5,0,12,83.0203,-9.56712,1.19028,0.493865,0.000135288,1.28867,0,1515,1
19.0129,0.0665025,0,19.013,10.0204,0.5,0,12,83.38,9.62481,1.18955,-0.493962,-5.04925e-06,1.28803,0,1516,1
19.0122,-0.0714286,0,19.0123,10.1802,0.5,0,12,80.3835,-10.1802,1.19795,0.513106,0.000111499,1.30321,0,1517,1
19.0122,0.0714286,0,19.0123,10.2335,0.5,0,12,80.7866,10.2335,1.19705,-0.513236,-6.2764e-06,1.30243,0,1518,1
19.0176,-0.00738916,0,19.0176,1.85024,0.5,0,12,120.472,-0.839219,1.11796,0.0809065,-0.000117198,1.12089,0,1519,1
19.0176,-0.00246305,0,19.0176,0.685952,0.5,0,12,124.578,-0.171962,1.11598,0.0270215,-0.000113384,1.11631,0,1520,1
19.0176,0.00246305,0,19.0176,0.71289,0.5,0,12,124.644,0.375627,1.11555,-0.0280008,-4.96703e-05,1.1159,0,1521,1
19.0176,0.00738916,0,19.0176,1.88355,0.5,0,12,120.709,0.908937,1.11693,-0.0819367,3.29963e-05,1.11993,0,1522,1
19.0175,-0.0123153,0,19.0175,2.94279,0.5,0,12,118.593,-1.64232,1.12089,0.131983,-6.86611e-05,1.12863,0,1523,1
19.0175,0.0123153,0,19.0175,2.94235,0.5,0,12,118.949,1.51684,1.1199,-0.133076,8.25943e-05,1.12778,0,1524,1
19.0173,-0.0172414,0,19.0174,3.80067,0.5,0,12,117.955,-2.56166,1.12437,0.17959,5.93388e-07,1.13863,0,1525,1
19.0173,0.0172414,0,19.0174,3.78606,0.5,0,12,118.273,2.28627,1.1241,-0.180678,8.97641e-05,1.13852,0,1526,1
19.0171,-0.0221675,0,19.0172,4.36071,0.5,0,12,115.743,-3.55536,1.12792,0.22376,6.56413e-05,1.1499,0,1527,1
19.0171,0.0221675,0,19.0172,4.35625,0.5,0,12,115.951,3.26015,1.12869,-0.224711,7.88194e-05,1.15084,0,1528,1
19.0169,-0.0270936,0,19.0169,4.73095,0.5,0,12,112.384,-4.48691,1.13137,0.264877,0.000116132,1.16196,0,1529,1
19.0169,0.0270936,0,19.0169,4.68923,0.5,0,12,112.494,4.31655,1.133,-0.265553,7.11583e-05,1.1637,0,1530,1
19.0165,-0.0320197,0,19.0166,5.33246,0.5,0,12,108.751,-5.33246,1.1352,0.30348,0.000153428,1.17507,0,1531,1
19.0165,0.0320197,0,19.0166,5.36546,0.5,0,12,108.809,5.36546,1.13708,-0.30382,7.15323e-05,1.17697,0,1532,1
