time: 8.989 i: 0 coarse_x_mean: 14.7095680237  refined_x_mean: 14.7094564438 refined_u_mean: 2.0478683874 len_min: 11.1431531906 len_max: 18.5377807617 len: 7.39462757111 len_bub: 3.39462757111 RAD_mean: 0.30624 delta: 0.19376
time: 9.989 i: 1 coarse_x_mean: 16.0030498505  refined_x_mean: 16.002790451 refined_u_mean: 2.04853404251 len_min: 12.4429512024 len_max: 19.8217086792 len: 7.37875747681 len_bub: 3.37875747681 RAD_mean: 0.305795 delta: 0.194205
