Points_0,Points_1,Points_2,Points_Magnitude,f,fs,Point ID
7.65456,-0.314189,0,7.66101,0.5,0,0
7.65625,-0.316219,0,7.66278,0.5,0,1
7.6533,-0.3125,0,7.65967,0.5,0,2
7.73328,-0.391719,0,7.7432,0.5,0,3
7.73438,-0.392422,0,7.74432,0.5,0,4
7.73205,-0.390625,0,7.74191,0.5,0,5
7.68886,-0.35313,0,7.69697,0.5,0,6
7.69043,-0.354556,0,7.6986,0.5,0,7
7.68739,-0.351562,0,7.69542,0.5,0,8
7.69382,-0.35794,0,7.70214,0.5,0,9
7.69531,-0.359249,0,7.70369,0.5,0,10
7.69238,-0.356445,0,7.70064,0.5,0,11
7.69148,-0.355396,0,7.69969,0.5,0,12
7.67012,-0.332808,0,7.67734,0.5,0,13
7.6709,-0.333505,0,7.67814,0.5,0,14
7.66964,-0.332031,0,7.67682,0.5,0,15
7.67464,-0.338057,0,7.68208,0.5,0,16
7.67578,-0.339146,0,7.68327,0.5,0,17
7.67382,-0.336914,0,7.68121,0.5,0,18
7.67251,-0.335299,0,7.67984,0.5,0,19
7.66565,-0.327516,0,7.67264,0.5,0,20
7.66602,-0.327795,0,7.67302,0.5,0,21
7.66546,-0.327148,0,7.67244,0.5,0,22
7.66345,-0.324828,0,7.67033,0.5,0,23
7.66126,-0.322266,0,7.66804,0.5,0,24
7.65896,-0.319551,0,7.66563,0.5,0,25
7.66113,-0.32211,0,7.6679,0.5,0,26
7.65719,-0.317383,0,7.66376,0.5,0,27
7.65686,-0.316775,0,7.66341,0.5,0,28
7.66123,-0.322173,0,7.668,0.5,0,29
7.66798,-0.330065,0,7.67508,0.5,0,30
7.67926,-0.343199,0,7.68693,0.5,0,31
7.68066,-0.344557,0,7.68839,0.5,0,32
7.67814,-0.341797,0,7.68575,0.5,0,33
7.684,-0.348224,0,7.69189,0.5,0,34
7.68555,-0.349698,0,7.6935,0.5,0,35
7.68265,-0.34668,0,7.69047,0.5,0,36
7.68178,-0.345568,0,7.68954,0.5,0,37
7.67711,-0.340472,0,7.68465,0.5,0,38
7.68656,-0.35055,0,7.69455,0.5,0,39
7.70896,-0.372092,0,7.71794,0.5,0,40
7.70996,-0.372788,0,7.71897,0.5,0,41
7.70806,-0.371094,0,7.71699,0.5,0,42
7.71421,-0.376611,0,7.7234,0.5,0,43
7.71484,-0.376972,0,7.72405,0.5,0,44
7.71366,-0.375977,0,7.72282,0.5,0,45
7.71169,-0.374247,0,7.72077,0.5,0,46
7.6988,-0.362719,0,7.70734,0.5,0,47
7.7002,-0.363884,0,7.70879,0.5,0,48
7.69749,-0.361328,0,7.70597,0.5,0,49
7.70385,-0.367434,0,7.71261,0.5,0,50
7.70508,-0.368392,0,7.71388,0.5,0,51
7.7027,-0.366211,0,7.7114,0.5,0,52
7.70148,-0.36493,0,7.71012,0.5,0,53
7.69647,-0.360174,0,7.70489,0.5,0,54
7.70655,-0.36962,0,7.71541,0.5,0,55
7.71963,-0.380955,0,7.72903,0.5,0,56
7.71973,-0.380992,0,7.72912,0.5,0,57
7.71956,-0.380859,0,7.72895,0.5,0,58
7.72235,-0.38312,0,7.73185,0.5,0,59
7.72461,-0.384914,0,7.73419,0.5,0,60
7.71696,-0.378747,0,7.72625,0.5,0,61
7.72781,-0.387427,0,7.73751,0.5,0,62
7.72949,-0.388667,0,7.73926,0.5,0,63
7.72568,-0.385742,0,7.73531,0.5,0,64
7.72516,-0.385191,0,7.73476,0.5,0,65
7.73068,-0.389438,0,7.74048,0.5,0,66
7.73875,-0.39602,0,7.74887,0.5,0,67
7.73926,-0.396275,0,7.7494,0.5,0,68
7.73829,-0.395508,0,7.74839,0.5,0,69
7.73613,-0.393751,0,7.74615,0.5,0,70
7.74154,-0.398107,0,7.75177,0.5,0,71
7.74414,-0.400146,0,7.75447,0.5,0,72
7.74703,-0.402382,0,7.75748,0.5,0,73
7.74902,-0.403874,0,7.75954,0.5,0,74
7.74446,-0.400391,0,7.7548,0.5,0,75
7.75261,-0.406567,0,7.76327,0.5,0,76
7.75391,-0.407367,0,7.7646,0.5,0,77
7.75096,-0.405273,0,7.76155,0.5,0,78
7.74992,-0.404381,0,7.76046,0.5,0,79
7.74432,-0.400215,0,7.75465,0.5,0,80
7.75839,-0.410554,0,7.76925,0.5,0,81
7.75879,-0.410709,0,7.76965,0.5,0,82
7.75797,-0.410156,0,7.76881,0.5,0,83
7.76134,-0.412489,0,7.77229,0.5,0,84
7.76367,-0.414072,0,7.77471,0.5,0,85
7.77323,-0.420125,0,7.78458,0.5,0,86
7.77344,-0.42019,0,7.78479,0.5,0,87
7.77301,-0.419922,0,7.78435,0.5,0,88
7.76724,-0.416358,0,7.77839,0.5,0,89
7.76855,-0.417106,0,7.77974,0.5,0,90
7.76522,-0.415039,0,7.77631,0.5,0,91
7.76434,-0.414369,0,7.77539,0.5,0,92
7.77029,-0.418191,0,7.78153,0.5,0,93
7.75557,-0.408494,0,7.76632,0.5,0,94
7.79159,-0.431069,0,7.8035,0.5,0,95
7.79297,-0.431788,0,7.80492,0.5,0,96
7.78911,-0.429688,0,7.80095,0.5,0,97
7.79474,-0.432799,0,7.80675,0.5,0,98
7.79785,-0.434561,0,7.80995,0.5,0,99
7.80101,-0.436293,0,7.8132,0.5,0,100
7.80273,-0.437213,0,7.81497,0.5,0,101
7.79787,-0.43457,0,7.80997,0.5,0,102
7.79786,-0.434563,0,7.80996,0.5,0,103
7.80742,-0.439655,0,7.81978,0.5,0,104
7.80762,-0.439706,0,7.81999,0.5,0,105
7.80712,-0.439453,0,7.81948,0.5,0,106
7.81065,-0.441304,0,7.82311,0.5,0,107
7.8125,-0.442256,0,7.82501,0.5,0,108
7.80422,-0.437964,0,7.8165,0.5,0,109
7.77624,-0.422004,0,7.78768,0.5,0,110
7.77832,-0.423325,0,7.78983,0.5,0,111
7.78231,-0.425701,0,7.79394,0.5,0,112
7.7832,-0.426107,0,7.79486,0.5,0,113
7.78091,-0.424805,0,7.7925,0.5,0,114
7.77932,-0.423809,0,7.79085,0.5,0,115
7.7854,-0.427487,0,7.79713,0.5,0,116
7.78809,-0.429129,0,7.7999,0.5,0,117
7.7885,-0.42927,0,7.80032,0.5,0,118
7.57724,-0.176667,0,7.5793,0.5,0,119
7.57812,-0.179278,0,7.58025,0.5,0,120
7.57697,-0.175781,0,7.57901,0.5,0,121
7.57589,-0.173136,0,7.57787,0.5,0,122
7.57499,-0.170898,0,7.57692,0.5,0,123
7.57455,-0.169594,0,7.57645,0.5,0,124
7.57335,-0.166016,0,7.57517,0.5,0,125
7.57217,-0.162203,0,7.57391,0.5,0,126
7.57324,-0.165678,0,7.57505,0.5,0,127
7.57185,-0.161133,0,7.57356,0.5,0,128
7.57091,-0.158583,0,7.57257,0.5,0,129
7.57006,-0.15625,0,7.57167,0.5,0,130
7.57333,-0.165925,0,7.57515,0.5,0,131
7.61702,-0.258957,0,7.62142,0.5,0,132
7.61719,-0.259181,0,7.6216,0.5,0,133
7.61698,-0.258789,0,7.62137,0.5,0,134
7.61527,-0.25582,0,7.61957,0.5,0,135
7.61415,-0.253906,0,7.61839,0.5,0,136
7.60631,-0.240366,0,7.61011,0.5,0,137
7.60742,-0.242273,0,7.61128,0.5,0,138
7.60578,-0.239258,0,7.60954,0.5,0,139
7.60456,-0.237233,0,7.60826,0.5,0,140
7.6029,-0.234375,0,7.60651,0.5,0,141
7.61171,-0.249617,0,7.6158,0.5,0,142
7.6123,-0.250516,0,7.61643,0.5,0,143
7.61149,-0.249023,0,7.61556,0.5,0,144
7.60993,-0.246519,0,7.61392,0.5,0,145
7.60844,-0.244141,0,7.61236,0.5,0,146
7.61354,-0.252671,0,7.61773,0.5,0,147
7.60814,-0.243418,0,7.61204,0.5,0,148
7.62582,-0.274573,0,7.63076,0.5,0,149
7.62695,-0.276353,0,7.63196,0.5,0,150
7.62524,-0.273438,0,7.63014,0.5,0,151
7.6316,-0.283437,0,7.63686,0.5,0,152
7.63184,-0.283659,0,7.63711,0.5,0,153
7.63152,-0.283203,0,7.63677,0.5,0,154
7.63563,-0.289178,0,7.6411,0.5,0,155
7.63672,-0.290475,0,7.64224,0.5,0,156
7.63498,-0.288086,0,7.64041,0.5,0,157
7.63367,-0.286256,0,7.63903,0.5,0,158
7.62962,-0.280535,0,7.63478,0.5,0,159
7.62813,-0.27832,0,7.6332,0.5,0,160
7.62775,-0.277522,0,7.6328,0.5,0,161
7.64607,-0.303145,0,7.65208,0.5,0,162
7.64648,-0.30352,0,7.65251,0.5,0,163
7.64589,-0.302734,0,7.65188,0.5,0,164
7.63983,-0.294738,0,7.64552,0.5,0,165
7.6416,-0.297096,0,7.64737,0.5,0,166
7.63855,-0.292969,0,7.64416,0.5,0,167
7.64403,-0.300304,0,7.64993,0.5,0,168
7.64216,-0.297852,0,7.64796,0.5,0,169
7.64199,-0.297463,0,7.64778,0.5,0,170
7.65027,-0.308712,0,7.6565,0.5,0,171
7.65137,-0.309972,0,7.65764,0.5,0,172
7.64959,-0.307617,0,7.65577,0.5,0,173
7.64827,-0.305835,0,7.65438,0.5,0,174
7.65253,-0.311338,0,7.65886,0.5,0,175
7.63785,-0.291838,0,7.64342,0.5,0,176
7.62047,-0.26527,0,7.62509,0.5,0,177
7.62207,-0.268162,0,7.62679,0.5,0,178
7.61962,-0.263672,0,7.62418,0.5,0,179
7.62403,-0.271477,0,7.62886,0.5,0,180
7.62229,-0.268555,0,7.62702,0.5,0,181
7.62224,-0.268385,0,7.62696,0.5,0,182
7.61877,-0.262087,0,7.62328,0.5,0,183
7.59624,-0.221144,0,7.59946,0.5,0,184
7.59766,-0.224176,0,7.60096,0.5,0,185
7.5956,-0.219727,0,7.59878,0.5,0,186
7.59466,-0.217844,0,7.59778,0.5,0,187
7.59318,-0.214844,0,7.59622,0.5,0,188
7.58711,-0.200977,0,7.58977,0.5,0,189
7.58789,-0.202887,0,7.5906,0.5,0,190
7.58685,-0.200195,0,7.58949,0.5,0,191
7.58561,-0.197594,0,7.58818,0.5,0,192
7.58453,-0.195312,0,7.58705,0.5,0,193
7.59161,-0.211128,0,7.59454,0.5,0,194
7.59277,-0.213877,0,7.59579,0.5,0,195
7.59114,-0.209961,0,7.59404,0.5,0,196
7.59006,-0.207788,0,7.59291,0.5,0,197
7.58874,-0.205078,0,7.59151,0.5,0,198
7.5931,-0.214521,0,7.59613,0.5,0,199
7.58854,-0.204431,0,7.59129,0.5,0,200
7.60111,-0.23092,0,7.60462,0.5,0,201
7.60254,-0.233675,0,7.60613,0.5,0,202
7.60041,-0.229492,0,7.60388,0.5,0,203
7.59946,-0.227693,0,7.60287,0.5,0,204
7.59786,-0.224609,0,7.60118,0.5,0,205
7.60282,-0.234096,0,7.60642,0.5,0,206
7.59782,-0.224446,0,7.60113,0.5,0,207
7.58273,-0.19071,0,7.58513,0.5,0,208
7.58301,-0.191326,0,7.58542,0.5,0,209
7.58267,-0.19043,0,7.58506,0.5,0,210
7.58132,-0.18724,0,7.58363,0.5,0,211
7.58061,-0.185547,0,7.58288,0.5,0,212
7.58412,-0.1942,0,7.58661,0.5,0,213
7.57988,-0.183797,0,7.5821,0.5,0,214
7.57859,-0.180664,0,7.58074,0.5,0,215
7.5785,-0.180289,0,7.58064,0.5,0,216
7.56743,-0.147411,0,7.56887,0.5,0,217
7.56836,-0.150751,0,7.56986,0.5,0,218
7.56718,-0.146484,0,7.5686,0.5,0,219
7.56625,-0.143713,0,7.56761,0.5,0,220
7.56555,-0.141602,0,7.56687,0.5,0,221
7.56506,-0.14002,0,7.56635,0.5,0,222
7.56405,-0.136719,0,7.56529,0.5,0,223
7.56965,-0.154959,0,7.57124,0.5,0,224
7.56853,-0.151367,0,7.57004,0.5,0,225
7.56851,-0.151219,0,7.57002,0.5,0,226
7.56302,-0.132295,0,7.56417,0.5,0,227
7.56348,-0.134208,0,7.56467,0.5,0,228
7.56293,-0.131836,0,7.56408,0.5,0,229
7.56199,-0.128442,0,7.56308,0.5,0,230
7.56158,-0.126953,0,7.56265,0.5,0,231
7.56396,-0.136235,0,7.56519,0.5,0,232
7.56094,-0.12461,0,7.56196,0.5,0,233
7.56025,-0.12207,0,7.56124,0.5,0,234
7.55992,-0.120746,0,7.56088,0.5,0,235
7.55904,-0.117188,0,7.55995,0.5,0,236
7.55819,-0.112711,0,7.55903,0.5,0,237
7.55859,-0.114801,0,7.55947,0.5,0,238
7.55813,-0.112305,0,7.55896,0.5,0,239
7.5573,-0.108719,0,7.55808,0.5,0,240
7.557,-0.107422,0,7.55777,0.5,0,241
7.55639,-0.104744,0,7.55711,0.5,0,242
7.55589,-0.102539,0,7.55659,0.5,0,243
7.5555,-0.100746,0,7.55618,0.5,0,244
7.55485,-0.0976562,0,7.55548,0.5,0,245
7.55327,-0.088329,0,7.55379,0.5,0,246
7.55371,-0.0912649,0,7.55426,0.5,0,247
7.55321,-0.0878906,0,7.55373,0.5,0,248
7.55467,-0.0967015,0,7.55528,0.5,0,249
7.55393,-0.0927734,0,7.5545,0.5,0,250
7.55391,-0.0925717,0,7.55448,0.5,0,251
7.55254,-0.0841801,0,7.55301,0.5,0,252
7.55233,-0.0830078,0,7.55279,0.5,0,253
7.55181,-0.0800253,0,7.55223,0.5,0,254
7.55149,-0.078125,0,7.55189,0.5,0,255
7.55898,-0.116799,0,7.55988,0.5,0,256
7.54879,-0.0586271,0,7.54902,0.5,0,257
7.54883,-0.0589291,0,7.54906,0.5,0,258
7.54879,-0.0585938,0,7.54902,0.5,0,259
7.55112,-0.0758381,0,7.5515,0.5,0,260
7.5507,-0.0732422,0,7.55106,0.5,0,261
7.55046,-0.0716146,0,7.5508,0.5,0,262
7.54997,-0.0683594,0,7.55028,0.5,0,263
7.54983,-0.067354,0,7.55013,0.5,0,264
7.5493,-0.0634766,0,7.54957,0.5,0,265
7.54926,-0.0630472,0,7.54952,0.5,0,266
7.54834,-0.0542037,0,7.54853,0.5,0,267
7.54829,-0.0537109,0,7.54848,0.5,0,268
7.54785,-0.0498071,0,7.54801,0.5,0,269
7.54774,-0.0488281,0,7.5479,0.5,0,270
7.54739,-0.0453786,0,7.54753,0.5,0,271
7.54726,-0.0439453,0,7.54738,0.5,0,272
7.54698,-0.0409079,0,7.54709,0.5,0,273
7.54682,-0.0390625,0,7.54693,0.5,0,274
7.54661,-0.0363934,0,7.5467,0.5,0,275
7.54645,-0.0341797,0,7.54653,0.5,0,276
7.54629,-0.0318335,0,7.54636,0.5,0,277
7.54613,-0.0292969,0,7.54619,0.5,0,278
7.54602,-0.027227,0,7.54606,0.5,0,279
7.54587,-0.0244141,0,7.54591,0.5,0,280
7.54579,-0.022573,0,7.54582,0.5,0,281
7.54566,-0.0195312,0,7.54569,0.5,0,282
7.54561,-0.0178712,0,7.54563,0.5,0,283
7.54551,-0.0146484,0,7.54552,0.5,0,284
7.54547,-0.0131227,0,7.54548,0.5,0,285
7.5454,-0.00976562,0,7.54541,0.5,0,286
7.54538,-0.00832899,0,7.54539,0.5,0,287
7.54534,-0.00488281,0,7.54535,0.5,0,288
7.54534,-0.00349095,0,7.54534,0.5,0,289
7.54533,0,0,7.54533,0.5,0,290
7.88005,-0.46956,0,7.89403,0.5,0,291
7.88086,-0.469758,0,7.89485,0.5,0,292
7.87704,-0.46875,0,7.89097,0.5,0,293
7.8838,-0.470688,0,7.89784,0.5,0,294
7.88574,-0.471282,0,7.89981,0.5,0,295
7.88756,-0.471817,0,7.90166,0.5,0,296
7.89062,-0.472702,0,7.90477,0.5,0,297
7.89536,-0.473777,0,7.90957,0.5,0,298
7.89551,-0.473794,0,7.90971,0.5,0,299
7.89479,-0.473633,0,7.90898,0.5,0,300
7.89139,-0.472868,0,7.90554,0.5,0,301
7.89934,-0.474688,0,7.91359,0.5,0,302
7.90039,-0.474929,0,7.91465,0.5,0,303
7.90325,-0.475658,0,7.91755,0.5,0,304
7.90527,-0.476168,0,7.9196,0.5,0,305
7.90716,-0.476634,0,7.92151,0.5,0,306
7.91016,-0.477371,0,7.92455,0.5,0,307
7.91927,-0.479171,0,7.93375,0.5,0,308
7.91992,-0.479287,0,7.93441,0.5,0,309
7.9157,-0.478516,0,7.93015,0.5,0,310
7.9111,-0.477571,0,7.9255,0.5,0,311
7.91504,-0.478395,0,7.92948,0.5,0,312
7.91515,-0.478406,0,7.92959,0.5,0,313
7.92329,-0.480034,0,7.93781,0.5,0,314
7.9248,-0.480365,0,7.93935,0.5,0,315
7.92731,-0.480897,0,7.94188,0.5,0,316
7.92969,-0.481392,0,7.94429,0.5,0,317
7.93136,-0.481726,0,7.94598,0.5,0,318
7.93457,-0.482347,0,7.94922,0.5,0,319
7.93547,-0.482501,0,7.95012,0.5,0,320
7.93945,-0.483161,0,7.95414,0.5,0,321
7.944,-0.483731,0,7.95872,0.5,0,322
7.94434,-0.483766,0,7.95905,0.5,0,323
7.94136,-0.483398,0,7.95606,0.5,0,324
7.93967,-0.483182,0,7.95436,0.5,0,325
7.94829,-0.48433,0,7.96303,0.5,0,326
7.94922,-0.484456,0,7.96397,0.5,0,327
7.95262,-0.484881,0,7.96739,0.5,0,328
7.9541,-0.485053,0,7.96888,0.5,0,329
7.95703,-0.485351,0,7.97182,0.5,0,330
7.95898,-0.485535,0,7.97378,0.5,0,331
7.96152,-0.485742,0,7.97633,0.5,0,332
7.96387,-0.485918,0,7.97868,0.5,0,333
7.96609,-0.486063,0,7.9809,0.5,0,334
7.96875,-0.486226,0,7.98357,0.5,0,335
7.82711,-0.449259,0,7.83999,0.5,0,336
7.82715,-0.449266,0,7.84003,0.5,0,337
7.82705,-0.449219,0,7.83993,0.5,0,338
7.83047,-0.45078,0,7.84343,0.5,0,339
7.83203,-0.451475,0,7.84503,0.5,0,340
7.81719,-0.444532,0,7.82982,0.5,0,341
7.81738,-0.444578,0,7.83001,0.5,0,342
7.81687,-0.444336,0,7.82949,0.5,0,343
7.81392,-0.442918,0,7.82646,0.5,0,344
7.82048,-0.446125,0,7.83319,0.5,0,345
7.82227,-0.447001,0,7.83503,0.5,0,346
7.82378,-0.447702,0,7.83658,0.5,0,347
7.83382,-0.452311,0,7.84687,0.5,0,348
7.83691,-0.453728,0,7.85004,0.5,0,349
7.84068,-0.455217,0,7.85389,0.5,0,350
7.8418,-0.455632,0,7.85502,0.5,0,351
7.83787,-0.454102,0,7.85101,0.5,0,352
7.83722,-0.453799,0,7.85034,0.5,0,353
7.85105,-0.459499,0,7.86448,0.5,0,354
7.85156,-0.45963,0,7.865,0.5,0,355
7.84975,-0.458984,0,7.86315,0.5,0,356
7.84408,-0.4567,0,7.85737,0.5,0,357
7.84668,-0.457889,0,7.86003,0.5,0,358
7.84751,-0.458152,0,7.86087,0.5,0,359
7.85456,-0.460873,0,7.86807,0.5,0,360
7.85645,-0.461637,0,7.87,0.5,0,361
7.85806,-0.462257,0,7.87164,0.5,0,362
7.86133,-0.463496,0,7.87498,0.5,0,363
7.86531,-0.464768,0,7.87903,0.5,0,364
7.86621,-0.465032,0,7.87994,0.5,0,365
7.8625,-0.463867,0,7.87618,0.5,0,366
7.86164,-0.463559,0,7.87529,0.5,0,367
7.8689,-0.466063,0,7.88269,0.5,0,368
7.87109,-0.466883,0,7.88493,0.5,0,369
7.8725,-0.467346,0,7.88636,0.5,0,370
7.87598,-0.468468,0,7.8899,0.5,0,371
7.87622,-0.468508,0,7.89014,0.5,0,372
7.9707,-0.486333,0,7.98552,0.5,0,373
7.97363,-0.486486,0,7.98846,0.5,0,374
7.97535,-0.486568,0,7.99017,0.5,0,375
7.97852,-0.486717,0,7.99335,0.5,0,376
7.98001,-0.486784,0,7.99485,0.5,0,377
7.9834,-0.486933,0,7.99823,0.5,0,378
7.98469,-0.486989,0,7.99953,0.5,0,379
7.98828,-0.487142,0,8.00312,0.5,0,380
7.98938,-0.487187,0,8.00422,0.5,0,381
7.99316,-0.487341,0,8.00801,0.5,0,382
7.99407,-0.487377,0,8.00891,0.5,0,383
7.99805,-0.487529,0,8.01289,0.5,0,384
7.99877,-0.487556,0,8.01362,0.5,0,385
8.00293,-0.487703,0,8.01778,0.5,0,386
8.00349,-0.487721,0,8.01834,0.5,0,387
8.00781,-0.487859,0,8.02266,0.5,0,388
8.00822,-0.487872,0,8.02307,0.5,0,389
8.0127,-0.487999,0,8.02754,0.5,0,390
8.01297,-0.488006,0,8.02782,0.5,0,391
8.01758,-0.488118,0,8.03242,0.5,0,392
8.01774,-0.488122,0,8.03258,0.5,0,393
8.02246,-0.488215,0,8.0373,0.5,0,394
8.02253,-0.488216,0,8.03737,0.5,0,395
8.02734,-0.48828,0,8.04218,0.5,0,396
8.03218,-0.488326,0,8.04701,0.5,0,397
8.03223,-0.488326,0,8.04706,0.5,0,398
8.02752,-0.488281,0,8.04236,0.5,0,399
8.03703,-0.488363,0,8.05185,0.5,0,400
8.03711,-0.488363,0,8.05193,0.5,0,401
8.04189,-0.48838,0,8.05671,0.5,0,402
8.04199,-0.488381,0,8.05681,0.5,0,403
8.04678,-0.488378,0,8.06159,0.5,0,404
8.04688,-0.488377,0,8.06168,0.5,0,405
8.02735,-0.48828,0,8.04218,0.5,0,406
8.05169,-0.488345,0,8.06649,0.5,0,407
8.05176,-0.488344,0,8.06655,0.5,0,408
8.05478,-0.488281,0,8.06957,0.5,0,409
8.05664,-0.488242,0,8.07142,0.5,0,410
8.05668,-0.488241,0,8.07146,0.5,0,411
8.06152,-0.488083,0,8.07629,0.5,0,412
8.06173,-0.488075,0,8.07649,0.5,0,413
8.06641,-0.487875,0,8.08115,0.5,0,414
8.06683,-0.487853,0,8.08157,0.5,0,415
8.07129,-0.487612,0,8.086,0.5,0,416
8.072,-0.48757,0,8.08671,0.5,0,417
8.07617,-0.48731,0,8.09086,0.5,0,418
8.07721,-0.487242,0,8.09189,0.5,0,419
8.08105,-0.486986,0,8.09571,0.5,0,420
8.08244,-0.486894,0,8.09709,0.5,0,421
8.08594,-0.486664,0,8.10057,0.5,0,422
8.08766,-0.486555,0,8.10229,0.5,0,423
8.09082,-0.486362,0,8.10543,0.5,0,424
8.09285,-0.486247,0,8.10745,0.5,0,425
8.0957,-0.486092,0,8.11028,0.5,0,426
8.09801,-0.485977,0,8.11258,0.5,0,427
8.10059,-0.485853,0,8.11514,0.5,0,428
8.10313,-0.485739,0,8.11767,0.5,0,429
8.10547,-0.485636,0,8.12,0.5,0,430
8.10823,-0.48552,0,8.12275,0.5,0,431
8.11035,-0.485433,0,8.12487,0.5,0,432
8.11332,-0.485315,0,8.12782,0.5,0,433
8.11523,-0.485242,0,8.12973,0.5,0,434
8.11838,-0.485131,0,8.13287,0.5,0,435
8.12012,-0.485074,0,8.13459,0.5,0,436
8.12342,-0.484979,0,8.13788,0.5,0,437
8.125,-0.484938,0,8.13946,0.5,0,438
8.12842,-0.484861,0,8.14287,0.5,0,439
8.12988,-0.48483,0,8.14433,0.5,0,440
8.1334,-0.484766,0,8.14783,0.5,0,441
8.13477,-0.484742,0,8.1492,0.5,0,442
8.13836,-0.484686,0,8.15278,0.5,0,443
8.13965,-0.484666,0,8.15407,0.5,0,444
8.14331,-0.48462,0,8.15772,0.5,0,445
8.14453,-0.484607,0,8.15894,0.5,0,446
8.14823,-0.484581,0,8.16263,0.5,0,447
8.14941,-0.484576,0,8.16381,0.5,0,448
8.15312,-0.484574,0,8.16751,0.5,0,449
8.1543,-0.484575,0,8.16868,0.5,0,450
8.15799,-0.484585,0,8.17237,0.5,0,451
8.15918,-0.484588,0,8.17356,0.5,0,452
8.16287,-0.484587,0,8.17725,0.5,0,453
8.16406,-0.484584,0,8.17843,0.5,0,454
8.16779,-0.484558,0,8.18215,0.5,0,455
8.16895,-0.484548,0,8.1833,0.5,0,456
8.17272,-0.484502,0,8.18707,0.5,0,457
8.17383,-0.484488,0,8.18817,0.5,0,458
8.17767,-0.484439,0,8.19201,0.5,0,459
8.17871,-0.484427,0,8.19304,0.5,0,460
8.1826,-0.484394,0,8.19692,0.5,0,461
8.18359,-0.484387,0,8.19792,0.5,0,462
8.18749,-0.484381,0,8.20181,0.5,0,463
8.18848,-0.484381,0,8.20279,0.5,0,464
8.19236,-0.484402,0,8.20666,0.5,0,465
8.19336,-0.48441,0,8.20767,0.5,0,466
8.19719,-0.484451,0,8.21149,0.5,0,467
8.19824,-0.484463,0,8.21254,0.5,0,468
8.20201,-0.484512,0,8.21631,0.5,0,469
8.20312,-0.484526,0,8.21742,0.5,0,470
8.20684,-0.484569,0,8.22113,0.5,0,471
8.20801,-0.484581,0,8.2223,0.5,0,472
8.21168,-0.484606,0,8.22597,0.5,0,473
8.21289,-0.484612,0,8.22718,0.5,0,474
8.21656,-0.484613,0,8.23084,0.5,0,475
8.21777,-0.484611,0,8.23205,0.5,0,476
8.22146,-0.48459,0,8.23573,0.5,0,477
8.22266,-0.484582,0,8.23692,0.5,0,478
8.22639,-0.484549,0,8.24065,0.5,0,479
8.22754,-0.484539,0,8.24179,0.5,0,480
8.23131,-0.484509,0,8.24556,0.5,0,481
8.23242,-0.484501,0,8.24667,0.5,0,482
8.23622,-0.484486,0,8.25045,0.5,0,483
8.2373,-0.484794,0,8.25156,0.5,0,484
8.24078,-0.484802,0,8.25503,0.5,0,485
8.24219,-0.484495,0,8.25642,0.5,0,486
8.24595,-0.484522,0,8.26017,0.5,0,487
8.24707,-0.484879,0,8.26131,0.5,0,488
8.25043,-0.484925,0,8.26467,0.5,0,489
8.25195,-0.484582,0,8.26617,0.5,0,490
8.25561,-0.484622,0,8.26982,0.5,0,491
8.25684,-0.485062,0,8.27107,0.5,0,492
8.26002,-0.485102,0,8.27425,0.5,0,493
8.26172,-0.484679,0,8.27592,0.5,0,494
8.2653,-0.484702,0,8.2795,0.5,0,495
8.2666,-0.485192,0,8.28083,0.5,0,496
8.26968,-0.485206,0,8.2839,0.5,0,497
8.27148,-0.484723,0,8.28568,0.5,0,498
8.27504,-0.48473,0,8.28922,0.5,0,499
8.27637,-0.485234,0,8.29058,0.5,0,500
8.27941,-0.485242,0,8.29361,0.5,0,501
8.28125,-0.484742,0,8.29543,0.5,0,502
8.28478,-0.484752,0,8.29895,0.5,0,503
8.28613,-0.485285,0,8.30033,0.5,0,504
8.28911,-0.485304,0,8.3033,0.5,0,505
8.29102,-0.48478,0,8.30518,0.5,0,506
8.2945,-0.484801,0,8.30865,0.5,0,507
8.2959,-0.485391,0,8.31009,0.5,0,508
8.29876,-0.485421,0,8.31294,0.5,0,509
8.30078,-0.484847,0,8.31493,0.5,0,510
8.30419,-0.484875,0,8.31833,0.5,0,511
8.30566,-0.485548,0,8.31984,0.5,0,512
8.30837,-0.485579,0,8.32254,0.5,0,513
8.31055,-0.484926,0,8.32468,0.5,0,514
8.31388,-0.484951,0,8.32801,0.5,0,515
8.31543,-0.485709,0,8.3296,0.5,0,516
8.31797,-0.485737,0,8.33214,0.5,0,517
8.32031,-0.484999,0,8.33444,0.5,0,518
8.32357,-0.485022,0,8.33769,0.5,0,519
8.3252,-0.485864,0,8.33936,0.5,0,520
8.32759,-0.485888,0,8.34175,0.5,0,521
8.33008,-0.485066,0,8.34419,0.5,0,522
8.33327,-0.485087,0,8.34738,0.5,0,523
8.33496,-0.486016,0,8.34912,0.5,0,524
8.3372,-0.486039,0,8.35136,0.5,0,525
8.33984,-0.485132,0,8.35394,0.5,0,526
8.34297,-0.485154,0,8.35707,0.5,0,527
8.34473,-0.486178,0,8.35888,0.5,0,528
8.34681,-0.486201,0,8.36096,0.5,0,529
8.34961,-0.485199,0,8.3637,0.5,0,530
8.35267,-0.48522,0,8.36675,0.5,0,531
8.35449,-0.486348,0,8.36864,0.5,0,532
8.3564,-0.486369,0,8.37055,0.5,0,533
8.35938,-0.485266,0,8.37345,0.5,0,534
8.36237,-0.485286,0,8.37644,0.5,0,535
8.36426,-0.485299,0,8.37832,0.5,0,536
8.36722,-0.485318,0,8.38128,0.5,0,537
8.36914,-0.48533,0,8.3832,0.5,0,538
8.37207,-0.485348,0,8.38613,0.5,0,539
8.37402,-0.48536,0,8.38808,0.5,0,540
8.37693,-0.485376,0,8.39098,0.5,0,541
8.37891,-0.485387,0,8.39295,0.5,0,542
8.38179,-0.485402,0,8.39583,0.5,0,543
8.38379,-0.486835,0,8.39791,0.5,0,544
8.38522,-0.486847,0,8.39934,0.5,0,545
8.38867,-0.485435,0,8.40271,0.5,0,546
8.3915,-0.485448,0,8.40553,0.5,0,547
8.39355,-0.486967,0,8.40767,0.5,0,548
8.39486,-0.486977,0,8.40897,0.5,0,549
8.39844,-0.485478,0,8.41246,0.5,0,550
8.40123,-0.48549,0,8.41524,0.5,0,551
8.40332,-0.487095,0,8.41743,0.5,0,552
8.4045,-0.487103,0,8.4186,0.5,0,553
8.4082,-0.48552,0,8.42221,0.5,0,554
8.41095,-0.485532,0,8.42495,0.5,0,555
8.41309,-0.485541,0,8.42709,0.5,0,556
8.41582,-0.485552,0,8.42981,0.5,0,557
8.41797,-0.48556,0,8.43196,0.5,0,558
8.42068,-0.485571,0,8.43467,0.5,0,559
8.42285,-0.48558,0,8.43684,0.5,0,560
8.42554,-0.485592,0,8.43952,0.5,0,561
8.42773,-0.485601,0,8.44171,0.5,0,562
8.4304,-0.485613,0,8.44438,0.5,0,563
8.43262,-0.487499,0,8.4467,0.5,0,564
8.43339,-0.487506,0,8.44747,0.5,0,565
8.4375,-0.485648,0,8.45146,0.5,0,566
8.44012,-0.485661,0,8.45408,0.5,0,567
8.44238,-0.487664,0,8.45646,0.5,0,568
8.44299,-0.48767,0,8.45707,0.5,0,569
8.44727,-0.485694,0,8.46122,0.5,0,570
8.44984,-0.485705,0,8.46379,0.5,0,571
8.45215,-0.487816,0,8.46621,0.5,0,572
8.45261,-0.487819,0,8.46668,0.5,0,573
8.45703,-0.485734,0,8.47097,0.5,0,574
8.45957,-0.485744,0,8.4735,0.5,0,575
8.46191,-0.487955,0,8.47597,0.5,0,576
8.46224,-0.487957,0,8.4763,0.5,0,577
8.4668,-0.485768,0,8.48072,0.5,0,578
8.4693,-0.485774,0,8.48322,0.5,0,579
8.47168,-0.488047,0,8.48573,0.5,0,580
8.47191,-0.488048,0,8.48596,0.5,0,581
8.47656,-0.485787,0,8.49047,0.5,0,582
8.47905,-0.485792,0,8.49296,0.5,0,583
8.48145,-0.488129,0,8.49548,0.5,0,584
8.4816,-0.48813,0,8.49563,0.5,0,585
8.48633,-0.485817,0,8.50022,0.5,0,586
8.48878,-0.485829,0,8.50267,0.5,0,587
8.49119,-0.488281,0,8.50522,0.5,0,588
8.49123,-0.488281,0,8.50526,0.5,0,589
8.49609,-0.485863,0,8.50997,0.5,0,590
8.4985,-0.485874,0,8.51238,0.5,0,591
8.50079,-0.488281,0,8.5148,0.5,0,592
8.50116,-0.488281,0,8.51518,0.5,0,593
8.50586,-0.485903,0,8.51973,0.5,0,594
8.50823,-0.485912,0,8.52209,0.5,0,595
8.51042,-0.488281,0,8.52441,0.5,0,596
8.51107,-0.488281,0,8.52507,0.5,0,597
8.51562,-0.48594,0,8.52948,0.5,0,598
8.51796,-0.48595,0,8.53181,0.5,0,599
8.52004,-0.488281,0,8.53402,0.5,0,600
8.52099,-0.488281,0,8.53497,0.5,0,601
8.52539,-0.485984,0,8.53923,0.5,0,602
8.52768,-0.485994,0,8.54151,0.5,0,603
8.52965,-0.488281,0,8.54361,0.5,0,604
8.53091,-0.488281,0,8.54487,0.5,0,605
8.53516,-0.486025,0,8.54898,0.5,0,606
8.5374,-0.486033,0,8.55123,0.5,0,607
8.53929,-0.488281,0,8.55324,0.5,0,608
8.5408,-0.488281,0,8.55475,0.5,0,609
8.54492,-0.486059,0,8.55873,0.5,0,610
8.54714,-0.486067,0,8.56095,0.5,0,611
8.54894,-0.488281,0,8.56288,0.5,0,612
8.55068,-0.488281,0,8.56461,0.5,0,613
8.55469,-0.486091,0,8.56849,0.5,0,614
8.55687,-0.486098,0,8.57067,0.5,0,615
8.55861,-0.488281,0,8.57253,0.5,0,616
8.56054,-0.488281,0,8.57446,0.5,0,617
8.56445,-0.486122,0,8.57824,0.5,0,618
8.56661,-0.486129,0,8.58039,0.5,0,619
8.56827,-0.488281,0,8.58218,0.5,0,620
8.57041,-0.488281,0,8.58431,0.5,0,621
8.57422,-0.486152,0,8.58799,0.5,0,622
8.57634,-0.486157,0,8.59011,0.5,0,623
8.57796,-0.488281,0,8.59184,0.5,0,624
8.58025,-0.488281,0,8.59414,0.5,0,625
8.58398,-0.486172,0,8.59774,0.5,0,626
8.58609,-0.486175,0,8.59984,0.5,0,627
8.58768,-0.488281,0,8.60155,0.5,0,628
8.59006,-0.488281,0,8.60393,0.5,0,629
8.59375,-0.486183,0,8.60749,0.5,0,630
8.59585,-0.486185,0,8.60959,0.5,0,631
8.59742,-0.488281,0,8.61127,0.5,0,632
8.59986,-0.488281,0,8.61371,0.5,0,633
8.60352,-0.486194,0,8.61724,0.5,0,634
8.6056,-0.486197,0,8.61932,0.5,0,635
8.6084,-0.4862,0,8.62212,0.5,0,636
8.61048,-0.486203,0,8.62419,0.5,0,637
8.61328,-0.486206,0,8.62699,0.5,0,638
8.61535,-0.486208,0,8.62906,0.5,0,639
8.61687,-0.488281,0,8.6307,0.5,0,640
8.61946,-0.488281,0,8.63328,0.5,0,641
8.62305,-0.486216,0,8.63674,0.5,0,642
8.62511,-0.486218,0,8.6388,0.5,0,643
8.62661,-0.488281,0,8.64042,0.5,0,644
8.62925,-0.488281,0,8.64305,0.5,0,645
8.63281,-0.486225,0,8.64649,0.5,0,646
8.63487,-0.486226,0,8.64855,0.5,0,647
8.63635,-0.488281,0,8.65015,0.5,0,648
8.63904,-0.488281,0,8.65283,0.5,0,649
8.64258,-0.486233,0,8.65625,0.5,0,650
8.64462,-0.486235,0,8.65829,0.5,0,651
8.6461,-0.488281,0,8.65987,0.5,0,652
8.64883,-0.488281,0,8.6626,0.5,0,653
8.65234,-0.486238,0,8.666,0.5,0,654
8.65439,-0.486239,0,8.66803,0.5,0,655
8.65585,-0.488281,0,8.66961,0.5,0,656
8.65861,-0.488281,0,8.67236,0.5,0,657
8.66211,-0.486244,0,8.67575,0.5,0,658
8.66415,-0.486244,0,8.67778,0.5,0,659
8.6656,-0.488281,0,8.67935,0.5,0,660
8.66839,-0.488281,0,8.68213,0.5,0,661
8.67188,-0.486248,0,8.6855,0.5,0,662
8.67391,-0.486248,0,8.68753,0.5,0,663
8.67535,-0.488281,0,8.68908,0.5,0,664
8.67816,-0.488281,0,8.69189,0.5,0,665
8.68164,-0.486252,0,8.69525,0.5,0,666
8.68367,-0.486254,0,8.69727,0.5,0,667
8.6851,-0.488281,0,8.69882,0.5,0,668
8.68795,-0.488281,0,8.70166,0.5,0,669
8.69141,-0.486261,0,8.705,0.5,0,670
8.69342,-0.486263,0,8.70701,0.5,0,671
8.69484,-0.488281,0,8.70854,0.5,0,672
8.69774,-0.488281,0,8.71144,0.5,0,673
8.70117,-0.486271,0,8.71475,0.5,0,674
8.70318,-0.486274,0,8.71675,0.5,0,675
8.70457,-0.488281,0,8.71825,0.5,0,676
8.70755,-0.488281,0,8.72123,0.5,0,677
8.71094,-0.486284,0,8.7245,0.5,0,678
8.71293,-0.486287,0,8.72649,0.5,0,679
8.7143,-0.488281,0,8.72796,0.5,0,680
8.71735,-0.488281,0,8.73102,0.5,0,681
8.7207,-0.4863,0,8.73425,0.5,0,682
8.72268,-0.486303,0,8.73623,0.5,0,683
8.72401,-0.488281,0,8.73767,0.5,0,684
8.72717,-0.488281,0,8.74081,0.5,0,685
8.73047,-0.486316,0,8.744,0.5,0,686
8.73243,-0.48632,0,8.74596,0.5,0,687
8.73374,-0.488281,0,8.74737,0.5,0,688
8.73698,-0.488281,0,8.75061,0.5,0,689
8.74023,-0.486332,0,8.75375,0.5,0,690
8.74218,-0.486335,0,8.7557,0.5,0,691
8.74346,-0.488281,0,8.75708,0.5,0,692
8.74678,-0.488281,0,8.7604,0.5,0,693
8.75,-0.486347,0,8.76351,0.5,0,694
8.75193,-0.48635,0,8.76543,0.5,0,695
8.75318,-0.488281,0,8.76679,0.5,0,696
8.75659,-0.488281,0,8.7702,0.5,0,697
8.75977,-0.486365,0,8.77326,0.5,0,698
8.76168,-0.486369,0,8.77517,0.5,0,699
8.7629,-0.488281,0,8.77649,0.5,0,700
8.76641,-0.488281,0,8.78,0.5,0,701
8.76953,-0.486382,0,8.78301,0.5,0,702
8.77143,-0.486384,0,8.7849,0.5,0,703
8.77263,-0.488281,0,8.7862,0.5,0,704
8.77621,-0.488281,0,8.78978,0.5,0,705
8.7793,-0.486392,0,8.79276,0.5,0,706
8.78118,-0.486394,0,8.79464,0.5,0,707
8.78237,-0.488281,0,8.79593,0.5,0,708
8.786,-0.488281,0,8.79956,0.5,0,709
8.78906,-0.486403,0,8.80251,0.5,0,710
8.79094,-0.486405,0,8.80438,0.5,0,711
8.7921,-0.488281,0,8.80565,0.5,0,712
8.7958,-0.488281,0,8.80934,0.5,0,713
8.79883,-0.486416,0,8.81226,0.5,0,714
8.80069,-0.486419,0,8.81412,0.5,0,715
8.80183,-0.488281,0,8.81536,0.5,0,716
8.80561,-0.488281,0,8.81914,0.5,0,717
8.80859,-0.486437,0,8.82201,0.5,0,718
8.81043,-0.486442,0,8.82385,0.5,0,719
8.81152,-0.488281,0,8.82504,0.5,0,720
8.81545,-0.488281,0,8.82896,0.5,0,721
8.81836,-0.486466,0,8.83177,0.5,0,722
8.82017,-0.486471,0,8.83358,0.5,0,723
8.82122,-0.488281,0,8.83473,0.5,0,724
8.82527,-0.488281,0,8.83877,0.5,0,725
8.82812,-0.486485,0,8.84152,0.5,0,726
8.82992,-0.486486,0,8.84331,0.5,0,727
8.83096,-0.488281,0,8.84445,0.5,0,728
8.83505,-0.488281,0,8.84854,0.5,0,729
8.83789,-0.486486,0,8.85127,0.5,0,730
8.83969,-0.486484,0,8.85306,0.5,0,731
8.84074,-0.488281,0,8.85422,0.5,0,732
8.84479,-0.488281,0,8.85826,0.5,0,733
8.84766,-0.48647,0,8.86102,0.5,0,734
8.84947,-0.486466,0,8.86283,0.5,0,735
8.85056,-0.488281,0,8.86402,0.5,0,736
8.85451,-0.488281,0,8.86796,0.5,0,737
8.85742,-0.486449,0,8.87077,0.5,0,738
8.85926,-0.486445,0,8.8726,0.5,0,739
8.86037,-0.488281,0,8.87382,0.5,0,740
8.86423,-0.488281,0,8.87767,0.5,0,741
8.86719,-0.48644,0,8.88052,0.5,0,742
8.86903,-0.486442,0,8.88236,0.5,0,743
8.87013,-0.488281,0,8.88356,0.5,0,744
8.87403,-0.488281,0,8.88745,0.5,0,745
8.87695,-0.486463,0,8.89027,0.5,0,746
8.87876,-0.486471,0,8.89208,0.5,0,747
8.8798,-0.488281,0,8.89322,0.5,0,748
8.8839,-0.488281,0,8.89731,0.5,0,749
8.88672,-0.486508,0,8.90003,0.5,0,750
8.88849,-0.486514,0,8.90179,0.5,0,751
8.8916,-0.486521,0,8.9049,0.5,0,752
8.89336,-0.486521,0,8.90666,0.5,0,753
8.89648,-0.486516,0,8.90978,0.5,0,754
8.89826,-0.486509,0,8.91155,0.5,0,755
8.90137,-0.486494,0,8.91465,0.5,0,756
8.90317,-0.486483,0,8.91645,0.5,0,757
8.90625,-0.486462,0,8.91953,0.5,0,758
8.90808,-0.486449,0,8.92135,0.5,0,759
8.91113,-0.486427,0,8.9244,0.5,0,760
8.913,-0.486415,0,8.92626,0.5,0,761
8.91602,-0.486397,0,8.92927,0.5,0,762
8.91791,-0.486388,0,8.93116,0.5,0,763
8.9209,-0.486375,0,8.93415,0.5,0,764
8.92281,-0.48637,0,8.93606,0.5,0,765
8.92578,-0.486363,0,8.93902,0.5,0,766
8.9277,-0.48636,0,8.94094,0.5,0,767
8.93066,-0.486355,0,8.9439,0.5,0,768
8.93259,-0.486351,0,8.94582,0.5,0,769
8.93555,-0.486344,0,8.94877,0.5,0,770
8.93749,-0.486336,0,8.95071,0.5,0,771
8.94043,-0.486321,0,8.95365,0.5,0,772
8.94241,-0.486306,0,8.95562,0.5,0,773
8.94531,-0.486279,0,8.95852,0.5,0,774
8.94734,-0.486255,0,8.96054,0.5,0,775
8.9502,-0.486216,0,8.96339,0.5,0,776
8.95229,-0.486183,0,8.96549,0.5,0,777
8.95508,-0.486137,0,8.96826,0.5,0,778
8.95726,-0.486098,0,8.97044,0.5,0,779
8.95996,-0.486048,0,8.97313,0.5,0,780
8.96224,-0.486006,0,8.9754,0.5,0,781
8.96484,-0.485957,0,8.97801,0.5,0,782
8.96721,-0.485914,0,8.98037,0.5,0,783
8.96973,-0.485868,0,8.98288,0.5,0,784
8.97218,-0.485824,0,8.98533,0.5,0,785
8.97461,-0.48578,0,8.98775,0.5,0,786
8.97716,-0.485734,0,8.99029,0.5,0,787
8.97949,-0.485691,0,8.99262,0.5,0,788
8.98213,-0.485639,0,8.99525,0.5,0,789
8.98438,-0.485594,0,8.99749,0.5,0,790
8.98712,-0.485533,0,9.00023,0.5,0,791
8.98926,-0.485484,0,9.00236,0.5,0,792
8.99213,-0.485413,0,9.00522,0.5,0,793
8.99414,-0.485361,0,9.00723,0.5,0,794
8.99714,-0.485278,0,9.01022,0.5,0,795
8.99902,-0.485225,0,9.0121,0.5,0,796
9.00217,-0.485131,0,9.01524,0.5,0,797
9.00391,-0.485078,0,9.01696,0.5,0,798
9.00721,-0.484973,0,9.02026,0.5,0,799
9.00879,-0.484922,0,9.02183,0.5,0,800
9.01226,-0.484806,0,9.0253,0.5,0,801
9.01367,-0.484758,0,9.0267,0.5,0,802
9.01733,-0.484627,0,9.03034,0.5,0,803
9.01855,-0.484582,0,9.03156,0.5,0,804
9.0224,-0.484431,0,9.0354,0.5,0,805
9.02344,-0.48439,0,9.03643,0.5,0,806
9.0275,-0.484216,0,9.04048,0.5,0,807
9.02832,-0.48418,0,9.04129,0.5,0,808
9.03262,-0.483984,0,9.04557,0.5,0,809
9.0332,-0.483956,0,9.04616,0.5,0,810
9.03775,-0.483737,0,9.05068,0.5,0,811
9.03809,-0.483721,0,9.05102,0.5,0,812
9.04292,-0.483449,0,9.05583,0.5,0,813
9.04297,-0.483448,0,9.05588,0.5,0,814
9.04375,-0.483398,0,9.05666,0.5,0,815
9.04785,-0.483144,0,9.06074,0.5,0,816
9.04812,-0.483131,0,9.06101,0.5,0,817
9.05273,-0.482883,0,9.0656,0.5,0,818
9.05328,-0.482853,0,9.06615,0.5,0,819
9.05762,-0.482612,0,9.07047,0.5,0,820
9.05845,-0.482564,0,9.0713,0.5,0,821
9.0625,-0.482328,0,9.07533,0.5,0,822
9.06364,-0.482258,0,9.07646,0.5,0,823
9.06738,-0.482027,0,9.08019,0.5,0,824
9.06885,-0.481932,0,9.08165,0.5,0,825
9.07227,-0.481707,0,9.08505,0.5,0,826
9.07408,-0.481583,0,9.08685,0.5,0,827
9.07715,-0.481369,0,9.0899,0.5,0,828
9.07934,-0.48121,0,9.09208,0.5,0,829
9.08203,-0.481011,0,9.09476,0.5,0,830
9.08462,-0.480814,0,9.09733,0.5,0,831
9.08691,-0.480635,0,9.09962,0.5,0,832
9.08992,-0.480393,0,9.1026,0.5,0,833
9.0918,-0.480239,0,9.10447,0.5,0,834
9.09525,-0.479946,0,9.1079,0.5,0,835
9.09668,-0.479823,0,9.10933,0.5,0,836
9.10061,-0.479471,0,9.11323,0.5,0,837
9.10156,-0.479385,0,9.11418,0.5,0,838
9.106,-0.478958,0,9.11859,0.5,0,839
9.10645,-0.478917,0,9.11903,0.5,0,840
9.10974,-0.478516,0,9.1223,0.5,0,841
9.11133,-0.478319,0,9.12387,0.5,0,842
9.11154,-0.4783,0,9.12409,0.5,0,843
9.11621,-0.477776,0,9.12872,0.5,0,844
9.11704,-0.477688,0,9.12954,0.5,0,845
9.12109,-0.47725,0,9.13357,0.5,0,846
9.12252,-0.477092,0,9.13498,0.5,0,847
9.12598,-0.476702,0,9.13842,0.5,0,848
9.12803,-0.476464,0,9.14045,0.5,0,849
9.13086,-0.476131,0,9.14326,0.5,0,850
9.13357,-0.475803,0,9.14596,0.5,0,851
9.13574,-0.475537,0,9.14811,0.5,0,852
9.13915,-0.475107,0,9.15149,0.5,0,853
9.14062,-0.474918,0,9.15295,0.5,0,854
9.14478,-0.474362,0,9.15707,0.5,0,855
9.14551,-0.474268,0,9.1578,0.5,0,856
9.14934,-0.473633,0,9.16159,0.5,0,857
9.15039,-0.473452,0,9.16263,0.5,0,858
9.1506,-0.473428,0,9.16283,0.5,0,859
9.15527,-0.472679,0,9.16747,0.5,0,860
9.15639,-0.472514,0,9.16858,0.5,0,861
9.16016,-0.471952,0,9.17231,0.5,0,862
9.16214,-0.471647,0,9.17427,0.5,0,863
9.16504,-0.471196,0,9.17714,0.5,0,864
9.16794,-0.470733,0,9.18002,0.5,0,865
9.16992,-0.470412,0,9.18198,0.5,0,866
9.1738,-0.469759,0,9.18582,0.5,0,867
9.1748,-0.469593,0,9.18681,0.5,0,868
9.17887,-0.46875,0,9.19083,0.5,0,869
9.17969,-0.468569,0,9.19164,0.5,0,870
9.1799,-0.468539,0,9.19185,0.5,0,871
9.18457,-0.467592,0,9.19647,0.5,0,872
9.18599,-0.46733,0,9.19787,0.5,0,873
9.18945,-0.466685,0,9.2013,0.5,0,874
9.19201,-0.466197,0,9.20382,0.5,0,875
9.19434,-0.465747,0,9.20612,0.5,0,876
9.19811,-0.464979,0,9.20985,0.5,0,877
9.19922,-0.464764,0,9.21095,0.5,0,878
9.20275,-0.463867,0,9.21443,0.5,0,879
9.2041,-0.463507,0,9.21576,0.5,0,880
9.20454,-0.463426,0,9.2162,0.5,0,881
9.20898,-0.462373,0,9.22058,0.5,0,882
9.2109,-0.461951,0,9.22248,0.5,0,883
9.21387,-0.461291,0,9.22541,0.5,0,884
9.21722,-0.460515,0,9.22872,0.5,0,885
9.21875,-0.46017,0,9.23023,0.5,0,886
9.22295,-0.458984,0,9.23436,0.5,0,887
9.22363,-0.458774,0,9.23504,0.5,0,888
9.22389,-0.458722,0,9.23529,0.5,0,889
9.22852,-0.45744,0,9.23985,0.5,0,890
9.23057,-0.456926,0,9.24188,0.5,0,891
9.2334,-0.456213,0,9.24466,0.5,0,892
9.23721,-0.455177,0,9.24841,0.5,0,893
9.23828,-0.454916,0,9.24948,0.5,0,894
9.24065,-0.454102,0,9.2518,0.5,0,895
9.24316,-0.453241,0,9.25427,0.5,0,896
9.24432,-0.452943,0,9.25541,0.5,0,897
9.24805,-0.451869,0,9.25908,0.5,0,898
9.25118,-0.450965,0,9.26217,0.5,0,899
9.25293,-0.450485,0,9.26389,0.5,0,900
9.25646,-0.449219,0,9.26736,0.5,0,901
9.25781,-0.448699,0,9.26868,0.5,0,902
9.25852,-0.448515,0,9.26937,0.5,0,903
9.2627,-0.447134,0,9.27348,0.5,0,904
9.26574,-0.446173,0,9.27648,0.5,0,905
9.26758,-0.445625,0,9.27829,0.5,0,906
9.27082,-0.444336,0,9.28147,0.5,0,907
9.27246,-0.443648,0,9.28307,0.5,0,908
9.27343,-0.443363,0,9.28403,0.5,0,909
9.27734,-0.441976,0,9.28787,0.5,0,910
9.28102,-0.440664,0,9.29147,0.5,0,911
9.28223,-0.44029,0,9.29266,0.5,0,912
9.28406,-0.439453,0,9.29446,0.5,0,913
9.28711,-0.438128,0,9.29744,0.5,0,914
9.28913,-0.437433,0,9.29942,0.5,0,915
9.29199,-0.43641,0,9.30223,0.5,0,916
9.29627,-0.43457,0,9.30642,0.5,0,917
9.29688,-0.43427,0,9.30701,0.5,0,918
9.29731,-0.434134,0,9.30744,0.5,0,919
9.30176,-0.432277,0,9.3118,0.5,0,920
9.30564,-0.430684,0,9.31561,0.5,0,921
9.30664,-0.430346,0,9.31659,0.5,0,922
9.30789,-0.429688,0,9.3178,0.5,0,923
9.31152,-0.427961,0,9.32135,0.5,0,924
9.31444,-0.426769,0,9.32421,0.5,0,925
9.31641,-0.426022,0,9.32614,0.5,0,926
9.31869,-0.424805,0,9.32837,0.5,0,927
9.32129,-0.42344,0,9.3309,0.5,0,928
9.32363,-0.422466,0,9.33319,0.5,0,929
9.32617,-0.421399,0,9.33569,0.5,0,930
9.32885,-0.419922,0,9.3383,0.5,0,931
9.33105,-0.418677,0,9.34044,0.5,0,932
9.33326,-0.417715,0,9.3426,0.5,0,933
9.33594,-0.416517,0,9.34522,0.5,0,934
9.33845,-0.415039,0,9.34767,0.5,0,935
9.34082,-0.41364,0,9.34997,0.5,0,936
9.34348,-0.412383,0,9.35257,0.5,0,937
9.3457,-0.411355,0,9.35475,0.5,0,938
9.34759,-0.410156,0,9.35658,0.5,0,939
9.35059,-0.408361,0,9.3595,0.5,0,940
9.35434,-0.406404,0,9.36316,0.5,0,941
9.35547,-0.405893,0,9.36427,0.5,0,942
9.35636,-0.405273,0,9.36514,0.5,0,943
9.36035,-0.402933,0,9.36902,0.5,0,944
9.36465,-0.400391,0,9.3732,0.5,0,945
9.36523,-0.399964,0,9.37377,0.5,0,946
9.36606,-0.399561,0,9.37458,0.5,0,947
9.37012,-0.397266,0,9.37853,0.5,0,948
9.37271,-0.395508,0,9.38105,0.5,0,949
9.375,-0.393924,0,9.38327,0.5,0,950
9.37879,-0.391721,0,9.38696,0.5,0,951
9.37988,-0.39115,0,9.38803,0.5,0,952
9.38056,-0.390625,0,9.38869,0.5,0,953
9.38477,-0.387928,0,9.39278,0.5,0,954
9.38787,-0.385742,0,9.39579,0.5,0,955
9.38965,-0.384381,0,9.39751,0.5,0,956
9.39324,-0.382153,0,9.40101,0.5,0,957
9.39453,-0.381405,0,9.40227,0.5,0,958
9.3952,-0.380859,0,9.40292,0.5,0,959
9.39941,-0.377994,0,9.40701,0.5,0,960
9.40204,-0.375977,0,9.40955,0.5,0,961
9.4043,-0.3742,0,9.41174,0.5,0,962
9.40868,-0.371094,0,9.41599,0.5,0,963
9.40918,-0.370666,0,9.41648,0.5,0,964
9.41038,-0.369895,0,9.41765,0.5,0,965
9.41406,-0.367389,0,9.42123,0.5,0,966
9.41546,-0.366211,0,9.42258,0.5,0,967
9.41895,-0.363562,0,9.42596,0.5,0,968
9.4217,-0.361328,0,9.42862,0.5,0,969
9.42383,-0.359538,0,9.43068,0.5,0,970
9.42776,-0.356445,0,9.4345,0.5,0,971
9.42871,-0.355598,0,9.43541,0.5,0,972
9.43218,-0.352973,0,9.43879,0.5,0,973
9.43359,-0.351933,0,9.44016,0.5,0,974
9.434,-0.351562,0,9.44055,0.5,0,975
9.43848,-0.347994,0,9.44489,0.5,0,976
9.43992,-0.34668,0,9.44629,0.5,0,977
9.44336,-0.34372,0,9.44961,0.5,0,978
9.44546,-0.341797,0,9.45164,0.5,0,979
9.44824,-0.339281,0,9.45433,0.5,0,980
9.45082,-0.336914,0,9.45682,0.5,0,981
9.45312,-0.334771,0,9.45905,0.5,0,982
9.45606,-0.332031,0,9.46189,0.5,0,983
9.45801,-0.330172,0,9.46377,0.5,0,984
9.46114,-0.327148,0,9.4668,0.5,0,985
9.46289,-0.325424,0,9.46848,0.5,0,986
9.46607,-0.322266,0,9.47155,0.5,0,987
9.46777,-0.320555,0,9.4732,0.5,0,988
9.47091,-0.317383,0,9.47622,0.5,0,989
9.47266,-0.315601,0,9.47791,0.5,0,990
9.47566,-0.3125,0,9.48081,0.5,0,991
9.47754,-0.310548,0,9.48263,0.5,0,992
9.4803,-0.307617,0,9.48529,0.5,0,993
9.48242,-0.305346,0,9.48734,0.5,0,994
9.48482,-0.302734,0,9.48965,0.5,0,995
9.4873,-0.299968,0,9.49205,0.5,0,996
9.4899,-0.297852,0,9.49457,0.5,0,997
9.49219,-0.294968,0,9.49677,0.5,0,998
9.49219,-0.295089,0,9.49677,0.5,0,999
9.49427,-0.292969,0,9.49879,0.5,0,1000
9.49374,-0.292969,0,9.49826,0.5,0,1001
9.49707,-0.288541,0,9.50145,0.5,0,1002
9.49745,-0.288086,0,9.50182,0.5,0,1003
9.4982,-0.286961,0,9.50253,0.5,0,1004
9.50099,-0.283203,0,9.50521,0.5,0,1005
9.50195,-0.28211,0,9.50614,0.5,0,1006
9.50489,-0.27832,0,9.50896,0.5,0,1007
9.50684,-0.27595,0,9.51084,0.5,0,1008
9.50888,-0.273438,0,9.51281,0.5,0,1009
9.51172,-0.269592,0,9.51554,0.5,0,1010
9.5126,-0.268555,0,9.51639,0.5,0,1011
9.51411,-0.26616,0,9.51784,0.5,0,1012
9.5157,-0.263672,0,9.51935,0.5,0,1013
9.5166,-0.262555,0,9.52022,0.5,0,1014
9.51922,-0.258789,0,9.52274,0.5,0,1015
9.52148,-0.255562,0,9.52491,0.5,0,1016
9.52276,-0.253906,0,9.52614,0.5,0,1017
9.52458,-0.25081,0,9.52788,0.5,0,1018
9.52558,-0.249023,0,9.52884,0.5,0,1019
9.52637,-0.248001,0,9.52959,0.5,0,1020
9.52888,-0.244141,0,9.53201,0.5,0,1021
9.53125,-0.240432,0,9.53428,0.5,0,1022
9.53212,-0.239258,0,9.53512,0.5,0,1023
9.533,-0.237509,0,9.53596,0.5,0,1024
9.53469,-0.234375,0,9.53757,0.5,0,1025
9.53613,-0.232188,0,9.53896,0.5,0,1026
9.53786,-0.229492,0,9.54062,0.5,0,1027
9.53977,-0.225859,0,9.54244,0.5,0,1028
9.54034,-0.224609,0,9.54299,0.5,0,1029
9.54102,-0.223615,0,9.54364,0.5,0,1030
9.54326,-0.219727,0,9.54579,0.5,0,1031
9.54587,-0.214873,0,9.54829,0.5,0,1032
9.54588,-0.214844,0,9.5483,0.5,0,1033
9.5459,-0.214818,0,9.54832,0.5,0,1034
9.54845,-0.209961,0,9.55076,0.5,0,1035
9.55078,-0.205452,0,9.55299,0.5,0,1036
9.55102,-0.205078,0,9.55322,0.5,0,1037
9.55116,-0.204702,0,9.55335,0.5,0,1038
9.55332,-0.200195,0,9.55542,0.5,0,1039
9.55558,-0.195398,0,9.55758,0.5,0,1040
9.55561,-0.195312,0,9.5576,0.5,0,1041
9.55566,-0.195214,0,9.55766,0.5,0,1042
9.55788,-0.19043,0,9.55978,0.5,0,1043
9.55951,-0.186584,0,9.56133,0.5,0,1044
9.55987,-0.185547,0,9.56167,0.5,0,1045
9.56055,-0.184244,0,9.56232,0.5,0,1046
9.56223,-0.180664,0,9.56393,0.5,0,1047
9.56322,-0.177992,0,9.56487,0.5,0,1048
9.56402,-0.175781,0,9.56563,0.5,0,1049
9.56543,-0.172656,0,9.56699,0.5,0,1050
9.56627,-0.170898,0,9.5678,0.5,0,1051
9.56666,-0.169664,0,9.56817,0.5,0,1052
9.56801,-0.166016,0,9.56945,0.5,0,1053
9.5695,-0.161942,0,9.57087,0.5,0,1054
9.56974,-0.161133,0,9.5711,0.5,0,1055
9.57031,-0.15984,0,9.57165,0.5,0,1056
9.57176,-0.15625,0,9.57304,0.5,0,1057
9.57242,-0.154143,0,9.57366,0.5,0,1058
9.5733,-0.151367,0,9.5745,0.5,0,1059
9.57489,-0.146789,0,9.57602,0.5,0,1060
9.57497,-0.146484,0,9.57609,0.5,0,1061
9.5752,-0.145914,0,9.57631,0.5,0,1062
9.57672,-0.141602,0,9.57776,0.5,0,1063
9.57732,-0.139482,0,9.57833,0.5,0,1064
9.57809,-0.136719,0,9.57907,0.5,0,1065
9.5793,-0.132617,0,9.58021,0.5,0,1066
9.57949,-0.131836,0,9.5804,0.5,0,1067
9.58008,-0.13013,0,9.58096,0.5,0,1068
9.58113,-0.126953,0,9.58197,0.5,0,1069
9.58148,-0.125554,0,9.5823,0.5,0,1070
9.58238,-0.12207,0,9.58316,0.5,0,1071
9.58314,-0.11901,0,9.58388,0.5,0,1072
9.58359,-0.117188,0,9.5843,0.5,0,1073
9.58494,-0.112325,0,9.5856,0.5,0,1074
9.58494,-0.112305,0,9.5856,0.5,0,1075
9.58496,-0.11225,0,9.58562,0.5,0,1076
9.58626,-0.107422,0,9.58686,0.5,0,1077
9.58662,-0.105761,0,9.5872,0.5,0,1078
9.58732,-0.102539,0,9.58787,0.5,0,1079
9.58795,-0.0995471,0,9.58847,0.5,0,1080
9.58835,-0.0976562,0,9.58884,0.5,0,1081
9.58925,-0.0933638,0,9.58971,0.5,0,1082
9.58936,-0.0927734,0,9.58981,0.5,0,1083
9.58984,-0.0907589,0,9.59027,0.5,0,1084
9.59052,-0.0878906,0,9.59092,0.5,0,1085
9.59066,-0.0870734,0,9.59106,0.5,0,1086
9.59139,-0.0830078,0,9.59175,0.5,0,1087
9.5917,-0.0811491,0,9.59205,0.5,0,1088
9.5922,-0.078125,0,9.59252,0.5,0,1089
9.59264,-0.0753292,0,9.59294,0.5,0,1090
9.59296,-0.0732422,0,9.59324,0.5,0,1091
9.5935,-0.069589,0,9.59375,0.5,0,1092
9.59367,-0.0683594,0,9.59392,0.5,0,1093
9.59431,-0.0638946,0,9.59452,0.5,0,1094
9.59436,-0.0634766,0,9.59457,0.5,0,1095
9.59473,-0.0611337,0,9.59492,0.5,0,1096
9.59512,-0.0585938,0,9.5953,0.5,0,1097
9.59517,-0.0581494,0,9.59535,0.5,0,1098
9.59568,-0.0537109,0,9.59583,0.5,0,1099
9.5958,-0.0526423,0,9.59594,0.5,0,1100
9.59618,-0.0488281,0,9.59631,0.5,0,1101
9.59633,-0.0472207,0,9.59645,0.5,0,1102
9.59663,-0.0439453,0,9.59674,0.5,0,1103
9.59681,-0.0418601,0,9.5969,0.5,0,1104
9.59704,-0.0390625,0,9.59712,0.5,0,1105
9.59723,-0.036561,0,9.5973,0.5,0,1106
9.5974,-0.0341797,0,9.59746,0.5,0,1107
9.59758,-0.031324,0,9.59763,0.5,0,1108
9.59771,-0.0292969,0,9.59775,0.5,0,1109
9.59788,-0.0261474,0,9.59791,0.5,0,1110
9.59796,-0.0244141,0,9.598,0.5,0,1111
9.59811,-0.0210276,0,9.59814,0.5,0,1112
9.59817,-0.0195312,0,9.59819,0.5,0,1113
9.5983,-0.0159606,0,9.59831,0.5,0,1114
9.59834,-0.0146484,0,9.59835,0.5,0,1115
9.59843,-0.0109441,0,9.59844,0.5,0,1116
9.59846,-0.00976562,0,9.59846,0.5,0,1117
9.59852,-0.00597605,0,9.59852,0.5,0,1118
9.59853,-0.00488281,0,9.59853,0.5,0,1119
9.59856,-0.00105425,0,9.59856,0.5,0,1120
9.59856,0,0,9.59856,0.5,0,1121
7.54534,0.00139166,0,7.54534,0.5,0,1122
7.54536,0.00488281,0,7.54536,0.5,0,1123
7.54538,0.00631936,0,7.54538,0.5,0,1124
7.54544,0.00976562,0,7.54544,0.5,0,1125
7.54547,0.0112923,0,7.54548,0.5,0,1126
7.54556,0.0146484,0,7.54557,0.5,0,1127
7.54561,0.0163121,0,7.54563,0.5,0,1128
7.54572,0.0195312,0,7.54575,0.5,0,1129
7.5458,0.0213821,0,7.54583,0.5,0,1130
7.54593,0.0244141,0,7.54597,0.5,0,1131
7.54604,0.0265062,0,7.54608,0.5,0,1132
7.54619,0.0292969,0,7.54625,0.5,0,1133
7.54634,0.0316881,0,7.5464,0.5,0,1134
7.5465,0.0341797,0,7.54658,0.5,0,1135
7.5467,0.0369299,0,7.54679,0.5,0,1136
7.54686,0.0390625,0,7.54696,0.5,0,1137
7.54712,0.0422327,0,7.54723,0.5,0,1138
7.54726,0.0439453,0,7.54739,0.5,0,1139
7.5476,0.0475973,0,7.54775,0.5,0,1140
7.54771,0.0488281,0,7.54787,0.5,0,1141
7.54814,0.0530234,0,7.54833,0.5,0,1142
7.54821,0.0537109,0,7.5484,0.5,0,1143
7.54883,0.058388,0,7.54905,0.5,0,1144
7.54886,0.0585938,0,7.54908,0.5,0,1145
7.54886,0.0586251,0,7.54909,0.5,0,1146
7.54954,0.0634766,0,7.5498,0.5,0,1147
7.54964,0.0642898,0,7.54992,0.5,0,1148
7.55017,0.0683594,0,7.55048,0.5,0,1149
7.55038,0.069916,0,7.55071,0.5,0,1150
7.55085,0.0732422,0,7.5512,0.5,0,1151
7.55119,0.0756059,0,7.55157,0.5,0,1152
7.55156,0.078125,0,7.55197,0.5,0,1153
7.55206,0.0813586,0,7.5525,0.5,0,1154
7.55232,0.0830078,0,7.55278,0.5,0,1155
7.55303,0.087206,0,7.55353,0.5,0,1156
7.55313,0.0878906,0,7.55364,0.5,0,1157
7.55371,0.0905382,0,7.55425,0.5,0,1158
7.5542,0.0927734,0,7.55477,0.5,0,1159
7.5543,0.0933618,0,7.55488,0.5,0,1160
7.55512,0.0976562,0,7.55575,0.5,0,1161
7.55544,0.0993856,0,7.55609,0.5,0,1162
7.55604,0.102539,0,7.55674,0.5,0,1163
7.55661,0.105439,0,7.55735,0.5,0,1164
7.55701,0.107422,0,7.55777,0.5,0,1165
7.55793,0.11164,0,7.55875,0.5,0,1166
7.55805,0.112305,0,7.55889,0.5,0,1167
7.55859,0.114251,0,7.55946,0.5,0,1168
7.55939,0.117188,0,7.5603,0.5,0,1169
7.5596,0.118195,0,7.56052,0.5,0,1170
7.56048,0.12207,0,7.56147,0.5,0,1171
7.56104,0.124518,0,7.56207,0.5,0,1172
7.5616,0.126953,0,7.56267,0.5,0,1173
7.56261,0.130973,0,7.56375,0.5,0,1174
7.5628,0.131836,0,7.56395,0.5,0,1175
7.56348,0.133905,0,7.56466,0.5,0,1176
7.56437,0.136719,0,7.56561,0.5,0,1177
7.56467,0.13791,0,7.56592,0.5,0,1178
7.56567,0.141602,0,7.56699,0.5,0,1179
7.5665,0.144621,0,7.56788,0.5,0,1180
7.56701,0.146484,0,7.56842,0.5,0,1181
7.56836,0.150379,0,7.56985,0.5,0,1182
7.56874,0.151367,0,7.57025,0.5,0,1183
7.56886,0.151871,0,7.57039,0.5,0,1184
7.57029,0.15625,0,7.5719,0.5,0,1185
7.57112,0.159011,0,7.57279,0.5,0,1186
7.57176,0.161133,0,7.57347,0.5,0,1187
7.57324,0.165097,0,7.57504,0.5,0,1188
7.57362,0.166016,0,7.57544,0.5,0,1189
7.57377,0.166541,0,7.5756,0.5,0,1190
7.5753,0.170898,0,7.57722,0.5,0,1191
7.57631,0.173969,0,7.57831,0.5,0,1192
7.57688,0.175781,0,7.57892,0.5,0,1193
7.57812,0.178687,0,7.58023,0.5,0,1194
7.579,0.180664,0,7.58115,0.5,0,1195
7.57941,0.18195,0,7.58159,0.5,0,1196
7.58073,0.185547,0,7.583,0.5,0,1197
7.58244,0.189863,0,7.58482,0.5,0,1198
7.58262,0.19043,0,7.58501,0.5,0,1199
7.58301,0.19121,0,7.58542,0.5,0,1200
7.58481,0.195312,0,7.58732,0.5,0,1201
7.58591,0.198216,0,7.5885,0.5,0,1202
7.58662,0.200195,0,7.58926,0.5,0,1203
7.58789,0.202777,0,7.5906,0.5,0,1204
7.58903,0.205078,0,7.5918,0.5,0,1205
7.58971,0.206897,0,7.59253,0.5,0,1206
7.59095,0.209961,0,7.59385,0.5,0,1207
7.59277,0.213701,0,7.59578,0.5,0,1208
7.5934,0.214844,0,7.59644,0.5,0,1209
7.59377,0.21584,0,7.59684,0.5,0,1210
7.59551,0.219727,0,7.59869,0.5,0,1211
7.59766,0.223996,0,7.60096,0.5,0,1212
7.59802,0.224609,0,7.60134,0.5,0,1213
7.59825,0.225202,0,7.60159,0.5,0,1214
7.60032,0.229492,0,7.60379,0.5,0,1215
7.60254,0.23367,0,7.60613,0.5,0,1216
7.60299,0.234375,0,7.6066,0.5,0,1217
7.6033,0.235134,0,7.60693,0.5,0,1218
7.60538,0.239258,0,7.60914,0.5,0,1219
7.60742,0.242776,0,7.61129,0.5,0,1220
7.60831,0.244141,0,7.61223,0.5,0,1221
7.6091,0.245816,0,7.61307,0.5,0,1222
7.61073,0.249023,0,7.6148,0.5,0,1223
7.6123,0.251454,0,7.61646,0.5,0,1224
7.61389,0.253906,0,7.61812,0.5,0,1225
7.61579,0.257391,0,7.62014,0.5,0,1226
7.61647,0.258789,0,7.62087,0.5,0,1227
7.61719,0.259756,0,7.62162,0.5,0,1228
7.61963,0.263672,0,7.62419,0.5,0,1229
7.62207,0.267464,0,7.62676,0.5,0,1230
7.62289,0.268555,0,7.62762,0.5,0,1231
7.62389,0.270375,0,7.62868,0.5,0,1232
7.62565,0.273438,0,7.63056,0.5,0,1233
7.62695,0.275178,0,7.63192,0.5,0,1234
7.62911,0.27832,0,7.63418,0.5,0,1235
7.63184,0.282608,0,7.63707,0.5,0,1236
7.6323,0.283203,0,7.63755,0.5,0,1237
7.63282,0.284191,0,7.63811,0.5,0,1238
7.63515,0.288086,0,7.64058,0.5,0,1239
7.63672,0.290202,0,7.64223,0.5,0,1240
7.63869,0.292969,0,7.64431,0.5,0,1241
7.6416,0.297209,0,7.64738,0.5,0,1242
7.64214,0.297852,0,7.64794,0.5,0,1243
7.64314,0.299389,0,7.649,0.5,0,1244
7.6454,0.302734,0,7.65139,0.5,0,1245
7.64648,0.303984,0,7.65252,0.5,0,1246
7.64932,0.307617,0,7.6555,0.5,0,1247
7.65137,0.310032,0,7.65765,0.5,0,1248
7.65347,0.3125,0,7.65985,0.5,0,1249
7.65625,0.315792,0,7.66276,0.5,0,1250
7.65769,0.317383,0,7.66426,0.5,0,1251
7.66113,0.321346,0,7.66787,0.5,0,1252
7.66201,0.322266,0,7.66878,0.5,0,1253
7.66602,0.326688,0,7.67297,0.5,0,1254
7.66646,0.327148,0,7.67344,0.5,0,1255
7.67046,0.331592,0,7.67762,0.5,0,1256
7.67085,0.332031,0,7.67803,0.5,0,1257
7.6709,0.33208,0,7.67808,0.5,0,1258
7.67494,0.336914,0,7.68233,0.5,0,1259
7.67578,0.337843,0,7.68321,0.5,0,1260
7.67898,0.341797,0,7.68658,0.5,0,1261
7.68066,0.343711,0,7.68835,0.5,0,1262
7.68315,0.34668,0,7.69097,0.5,0,1263
7.68555,0.349445,0,7.69349,0.5,0,1264
7.68742,0.351562,0,7.69546,0.5,0,1265
7.69043,0.354943,0,7.69862,0.5,0,1266
7.69186,0.356445,0,7.70011,0.5,0,1267
7.69531,0.360034,0,7.70373,0.5,0,1268
7.69662,0.361328,0,7.7051,0.5,0,1269
7.7002,0.364715,0,7.70883,0.5,0,1270
7.70179,0.366211,0,7.71049,0.5,0,1271
7.70508,0.369136,0,7.71392,0.5,0,1272
7.70728,0.371094,0,7.71621,0.5,0,1273
7.70996,0.373421,0,7.719,0.5,0,1274
7.713,0.375977,0,7.72216,0.5,0,1275
7.71484,0.377595,0,7.72408,0.5,0,1276
7.719,0.380859,0,7.72839,0.5,0,1277
7.71973,0.381512,0,7.72915,0.5,0,1278
7.72461,0.38502,0,7.7342,0.5,0,1279
7.72203,0.383158,0,7.73153,0.5,0,1280
7.72543,0.385742,0,7.73506,0.5,0,1281
7.72949,0.388824,0,7.73927,0.5,0,1282
7.73167,0.390625,0,7.74153,0.5,0,1283
7.73438,0.392808,0,7.74434,0.5,0,1284
7.73802,0.395508,0,7.74812,0.5,0,1285
7.73926,0.396542,0,7.74941,0.5,0,1286
7.74414,0.399585,0,7.75444,0.5,0,1287
7.74203,0.39828,0,7.75227,0.5,0,1288
7.74516,0.400391,0,7.7555,0.5,0,1289
7.74902,0.403018,0,7.7595,0.5,0,1290
7.75227,0.405273,0,7.76285,0.5,0,1291
7.75391,0.406528,0,7.76456,0.5,0,1292
7.75879,0.409377,0,7.76958,0.5,0,1293
7.75699,0.408354,0,7.76773,0.5,0,1294
7.75979,0.410156,0,7.77062,0.5,0,1295
7.76367,0.412752,0,7.77464,0.5,0,1296
7.76694,0.415039,0,7.77802,0.5,0,1297
7.76855,0.416287,0,7.7797,0.5,0,1298
7.77344,0.419193,0,7.78473,0.5,0,1299
7.77171,0.418198,0,7.78296,0.5,0,1300
7.77436,0.419922,0,7.78569,0.5,0,1301
7.77832,0.422573,0,7.78979,0.5,0,1302
7.78156,0.424805,0,7.79314,0.5,0,1303
7.7832,0.426053,0,7.79486,0.5,0,1304
7.78809,0.428834,0,7.79988,0.5,0,1305
7.78616,0.427762,0,7.7979,0.5,0,1306
7.78921,0.429688,0,7.80105,0.5,0,1307
7.79297,0.432134,0,7.80494,0.5,0,1308
7.79682,0.43457,0,7.80892,0.5,0,1309
7.79785,0.435335,0,7.80999,0.5,0,1310
7.80273,0.437915,0,7.81501,0.5,0,1311
7.79936,0.436081,0,7.81154,0.5,0,1312
7.80514,0.439453,0,7.8175,0.5,0,1313
7.80762,0.441036,0,7.82006,0.5,0,1314
7.8125,0.443367,0,7.82507,0.5,0,1315
7.81072,0.442557,0,7.82325,0.5,0,1316
7.81407,0.444336,0,7.82669,0.5,0,1317
7.81738,0.446203,0,7.83011,0.5,0,1318
7.82227,0.448391,0,7.83511,0.5,0,1319
7.82087,0.447822,0,7.83368,0.5,0,1320
7.82371,0.449219,0,7.83659,0.5,0,1321
7.82715,0.451017,0,7.84013,0.5,0,1322
7.83203,0.453009,0,7.84512,0.5,0,1323
7.83025,0.452322,0,7.84331,0.5,0,1324
7.83416,0.454102,0,7.84731,0.5,0,1325
7.83691,0.455478,0,7.85014,0.5,0,1326
7.8418,0.457293,0,7.85512,0.5,0,1327
7.83908,0.456269,0,7.85235,0.5,0,1328
7.84568,0.458984,0,7.8591,0.5,0,1329
7.84668,0.459472,0,7.86012,0.5,0,1330
7.85156,0.461256,0,7.8651,0.5,0,1331
7.84738,0.459681,0,7.86083,0.5,0,1332
7.85645,0.46287,0,7.87007,0.5,0,1333
7.855,0.462426,0,7.8686,0.5,0,1334
7.85893,0.463867,0,7.87261,0.5,0,1335
7.86133,0.464834,0,7.87506,0.5,0,1336
7.86621,0.466299,0,7.88002,0.5,0,1337
7.86267,0.465214,0,7.87643,0.5,0,1338
7.87109,0.467691,0,7.88498,0.5,0,1339
7.86964,0.467294,0,7.8835,0.5,0,1340
7.87425,0.46875,0,7.88819,0.5,0,1341
7.87598,0.469357,0,7.88995,0.5,0,1342
7.88086,0.470629,0,7.8949,0.5,0,1343
7.87676,0.469537,0,7.89075,0.5,0,1344
7.88574,0.471774,0,7.89984,0.5,0,1345
7.88332,0.471211,0,7.89739,0.5,0,1346
7.89062,0.472874,0,7.90478,0.5,0,1347
7.88967,0.472674,0,7.90381,0.5,0,1348
7.89352,0.473633,0,7.90771,0.5,0,1349
7.89551,0.474167,0,7.90973,0.5,0,1350
7.90039,0.475172,0,7.91467,0.5,0,1351
7.89616,0.474284,0,7.91039,0.5,0,1352
7.90527,0.476108,0,7.9196,0.5,0,1353
7.9023,0.475538,0,7.91659,0.5,0,1354
7.91016,0.477025,0,7.92453,0.5,0,1355
7.90832,0.476682,0,7.92268,0.5,0,1356
7.91504,0.477987,0,7.92946,0.5,0,1357
7.9144,0.477876,0,7.92881,0.5,0,1358
7.91714,0.478516,0,7.93159,0.5,0,1359
7.91992,0.479207,0,7.93441,0.5,0,1360
7.9248,0.480235,0,7.93934,0.5,0,1361
7.92078,0.479372,0,7.93527,0.5,0,1362
7.92969,0.481275,0,7.94428,0.5,0,1363
7.92699,0.480698,0,7.94155,0.5,0,1364
7.93457,0.482297,0,7.94921,0.5,0,1365
7.93318,0.482011,0,7.94781,0.5,0,1366
7.93945,0.483371,0,7.95415,0.5,0,1367
7.93942,0.483366,0,7.95412,0.5,0,1368
7.93959,0.483398,0,7.95429,0.5,0,1369
7.94434,0.484285,0,7.95908,0.5,0,1370
7.94922,0.484898,0,7.96399,0.5,0,1371
7.94536,0.484421,0,7.96011,0.5,0,1372
7.9541,0.485394,0,7.9689,0.5,0,1373
7.9509,0.485075,0,7.96568,0.5,0,1374
7.95898,0.485829,0,7.9738,0.5,0,1375
7.9563,0.485592,0,7.9711,0.5,0,1376
7.96387,0.486253,0,7.9787,0.5,0,1377
7.96165,0.486059,0,7.97647,0.5,0,1378
7.96875,0.48669,0,7.9836,0.5,0,1379
7.967,0.486532,0,7.98184,0.5,0,1380
7.97363,0.487129,0,7.9885,0.5,0,1381
7.97237,0.487016,0,7.98723,0.5,0,1382
7.97852,0.487549,0,7.9934,0.5,0,1383
7.97772,0.487482,0,7.9926,0.5,0,1384
7.9834,0.487922,0,7.99829,0.5,0,1385
7.98301,0.487894,0,7.99791,0.5,0,1386
7.98828,0.488273,0,8.00319,0.5,0,1387
7.98827,0.488272,0,8.00318,0.5,0,1388
7.98845,0.488281,0,8.00336,0.5,0,1389
7.99316,0.488524,0,8.00808,0.5,0,1390
7.99805,0.488637,0,8.01296,0.5,0,1391
7.99341,0.488531,0,8.00833,0.5,0,1392
8.00293,0.488655,0,8.01783,0.5,0,1393
7.99841,0.48864,0,8.01332,0.5,0,1394
8.00781,0.488586,0,8.0227,0.5,0,1395
8.0033,0.488651,0,8.0182,0.5,0,1396
8.02246,0.488188,0,8.0373,0.5,0,1397
8.02237,0.48819,0,8.03721,0.5,0,1398
8.01873,0.488281,0,8.03358,0.5,0,1399
8.02734,0.488053,0,8.04217,0.5,0,1400
8.02712,0.488059,0,8.04194,0.5,0,1401
8.0127,0.488455,0,8.02757,0.5,0,1402
8.00811,0.488579,0,8.023,0.5,0,1403
8.01758,0.48831,0,8.03243,0.5,0,1404
8.01286,0.48845,0,8.02774,0.5,0,1405
8.01761,0.48831,0,8.03246,0.5,0,1406
8.03223,0.487962,0,8.04703,0.5,0,1407
8.03191,0.487967,0,8.04672,0.5,0,1408
8.03711,0.487914,0,8.05191,0.5,0,1409
8.03674,0.487916,0,8.05154,0.5,0,1410
8.04199,0.48789,0,8.05678,0.5,0,1411
8.0416,0.487892,0,8.05639,0.5,0,1412
8.04688,0.487873,0,8.06165,0.5,0,1413
8.04647,0.487874,0,8.06124,0.5,0,1414
8.05176,0.487841,0,8.06652,0.5,0,1415
8.05132,0.487844,0,8.06609,0.5,0,1416
8.05664,0.487775,0,8.07139,0.5,0,1417
8.05614,0.487783,0,8.0709,0.5,0,1418
8.06152,0.487661,0,8.07626,0.5,0,1419
8.06092,0.487677,0,8.07566,0.5,0,1420
8.06641,0.487488,0,8.08112,0.5,0,1421
8.06564,0.487517,0,8.08036,0.5,0,1422
8.07129,0.487262,0,8.08598,0.5,0,1423
8.07032,0.487309,0,8.08502,0.5,0,1424
8.07617,0.487006,0,8.09084,0.5,0,1425
8.07496,0.48707,0,8.08964,0.5,0,1426
8.08105,0.48676,0,8.0957,0.5,0,1427
8.0796,0.486831,0,8.09426,0.5,0,1428
8.08594,0.486557,0,8.10056,0.5,0,1429
8.08428,0.486622,0,8.09891,0.5,0,1430
8.09082,0.486411,0,8.10543,0.5,0,1431
8.089,0.486462,0,8.10362,0.5,0,1432
8.0957,0.486299,0,8.1103,0.5,0,1433
8.09376,0.486343,0,8.10836,0.5,0,1434
8.10059,0.486181,0,8.11516,0.5,0,1435
8.09854,0.486233,0,8.11312,0.5,0,1436
8.10547,0.486016,0,8.12003,0.5,0,1437
8.10328,0.486095,0,8.11785,0.5,0,1438
8.11035,0.485785,0,8.12489,0.5,0,1439
8.10797,0.485903,0,8.12252,0.5,0,1440
8.11523,0.485507,0,8.12974,0.5,0,1441
8.11261,0.485659,0,8.12714,0.5,0,1442
8.12012,0.485222,0,8.1346,0.5,0,1443
8.11723,0.485389,0,8.13172,0.5,0,1444
8.125,0.484975,0,8.13946,0.5,0,1445
8.12185,0.485131,0,8.13633,0.5,0,1446
8.12988,0.484788,0,8.14432,0.5,0,1447
8.12651,0.484913,0,8.14097,0.5,0,1448
8.13477,0.484661,0,8.14919,0.5,0,1449
8.13123,0.484749,0,8.14567,0.5,0,1450
8.13965,0.484581,0,8.15406,0.5,0,1451
8.13601,0.484638,0,8.15043,0.5,0,1452
8.14453,0.484533,0,8.15893,0.5,0,1453
8.14082,0.484568,0,8.15523,0.5,0,1454
8.14941,0.48483,0,8.16382,0.5,0,1455
8.14599,0.484856,0,8.16041,0.5,0,1456
8.1543,0.484478,0,8.16868,0.5,0,1457
8.15051,0.484498,0,8.1649,0.5,0,1458
8.15918,0.48474,0,8.17357,0.5,0,1459
8.15567,0.484767,0,8.17006,0.5,0,1460
8.16406,0.484417,0,8.17842,0.5,0,1461
8.16022,0.484442,0,8.17459,0.5,0,1462
8.16895,0.484388,0,8.18329,0.5,0,1463
8.16507,0.484411,0,8.17943,0.5,0,1464
8.17383,0.484368,0,8.18817,0.5,0,1465
8.16993,0.484383,0,8.18428,0.5,0,1466
8.17871,0.484368,0,8.19304,0.5,0,1467
8.1748,0.484367,0,8.18913,0.5,0,1468
8.18359,0.484394,0,8.19792,0.5,0,1469
8.17968,0.484372,0,8.19401,0.5,0,1470
8.18848,0.484442,0,8.20279,0.5,0,1471
8.1846,0.484403,0,8.19892,0.5,0,1472
8.19336,0.484498,0,8.20767,0.5,0,1473
8.18953,0.484454,0,8.20385,0.5,0,1474
8.19824,0.484546,0,8.21255,0.5,0,1475
8.19447,0.48451,0,8.20878,0.5,0,1476
8.20312,0.484574,0,8.21742,0.5,0,1477
8.1994,0.484554,0,8.2137,0.5,0,1478
8.20801,0.484578,0,8.2223,0.5,0,1479
8.2043,0.484576,0,8.2186,0.5,0,1480
8.21289,0.484562,0,8.22717,0.5,0,1481
8.20919,0.484576,0,8.22347,0.5,0,1482
8.21777,0.484533,0,8.23205,0.5,0,1483
8.21405,0.484556,0,8.22833,0.5,0,1484
8.22266,0.484499,0,8.23692,0.5,0,1485
8.2189,0.484525,0,8.23317,0.5,0,1486
8.22754,0.484777,0,8.24181,0.5,0,1487
8.22406,0.484801,0,8.23834,0.5,0,1488
8.23242,0.484462,0,8.24666,0.5,0,1489
8.22861,0.484469,0,8.24286,0.5,0,1490
8.2373,0.484475,0,8.25154,0.5,0,1491
8.23349,0.484464,0,8.24773,0.5,0,1492
8.24219,0.484511,0,8.25642,0.5,0,1493
8.23839,0.484482,0,8.25262,0.5,0,1494
8.24707,0.484917,0,8.26131,0.5,0,1495
8.24366,0.48487,0,8.25791,0.5,0,1496
8.25195,0.484617,0,8.26617,0.5,0,1497
8.24825,0.484575,0,8.26247,0.5,0,1498
8.25684,0.485102,0,8.27107,0.5,0,1499
8.25361,0.48506,0,8.26786,0.5,0,1500
8.26172,0.484701,0,8.27592,0.5,0,1501
8.25811,0.484675,0,8.27232,0.5,0,1502
8.2666,0.485217,0,8.28083,0.5,0,1503
8.26352,0.485197,0,8.27775,0.5,0,1504
8.27148,0.484739,0,8.28568,0.5,0,1505
8.26793,0.484729,0,8.28213,0.5,0,1506
8.27637,0.485267,0,8.29058,0.5,0,1507
8.27334,0.485256,0,8.28756,0.5,0,1508
8.28125,0.484768,0,8.29543,0.5,0,1509
8.27772,0.484755,0,8.29191,0.5,0,1510
8.28613,0.485343,0,8.30033,0.5,0,1511
8.28317,0.485322,0,8.29738,0.5,0,1512
8.29102,0.484821,0,8.30518,0.5,0,1513
8.28753,0.4848,0,8.3017,0.5,0,1514
8.2959,0.485466,0,8.31009,0.5,0,1515
8.29306,0.485438,0,8.30725,0.5,0,1516
8.30078,0.484889,0,8.31493,0.5,0,1517
8.29736,0.484864,0,8.31152,0.5,0,1518
8.30566,0.485612,0,8.31985,0.5,0,1519
8.30297,0.485583,0,8.31715,0.5,0,1520
8.31055,0.484962,0,8.32468,0.5,0,1521
8.3072,0.484937,0,8.32134,0.5,0,1522
8.31543,0.485767,0,8.32961,0.5,0,1523
8.31289,0.485739,0,8.32707,0.5,0,1524
8.32031,0.485033,0,8.33444,0.5,0,1525
8.31704,0.485009,0,8.33117,0.5,0,1526
8.3252,0.485925,0,8.33936,0.5,0,1527
8.32281,0.485899,0,8.33698,0.5,0,1528
8.33008,0.485101,0,8.34419,0.5,0,1529
8.32688,0.485079,0,8.34099,0.5,0,1530
8.33496,0.486084,0,8.34912,0.5,0,1531
8.33274,0.48606,0,8.3469,0.5,0,1532
8.33984,0.485169,0,8.35394,0.5,0,1533
8.33671,0.485147,0,8.35081,0.5,0,1534
8.34473,0.486247,0,8.35888,0.5,0,1535
8.34267,0.486225,0,8.35683,0.5,0,1536
8.34961,0.485232,0,8.3637,0.5,0,1537
8.34654,0.485213,0,8.36063,0.5,0,1538
8.35449,0.486401,0,8.36864,0.5,0,1539
8.35259,0.486383,0,8.36674,0.5,0,1540
8.35938,0.485289,0,8.37345,0.5,0,1541
8.35637,0.485272,0,8.37044,0.5,0,1542
8.36426,0.486548,0,8.3784,0.5,0,1543
8.36251,0.486532,0,8.37665,0.5,0,1544
8.36914,0.485346,0,8.3832,0.5,0,1545
8.36619,0.485328,0,8.38025,0.5,0,1546
8.37402,0.48671,0,8.38816,0.5,0,1547
8.37244,0.486695,0,8.38657,0.5,0,1548
8.37891,0.485404,0,8.39295,0.5,0,1549
8.37601,0.485387,0,8.39006,0.5,0,1550
8.38379,0.486871,0,8.39791,0.5,0,1551
8.38237,0.486857,0,8.39649,0.5,0,1552
8.38867,0.485456,0,8.40271,0.5,0,1553
8.38583,0.485442,0,8.39987,0.5,0,1554
8.39355,0.485479,0,8.40758,0.5,0,1555
8.39074,0.485466,0,8.40477,0.5,0,1556
8.39844,0.485501,0,8.41246,0.5,0,1557
8.39564,0.485489,0,8.40967,0.5,0,1558
8.40332,0.48552,0,8.41733,0.5,0,1559
8.40055,0.485509,0,8.41457,0.5,0,1560
8.4082,0.485539,0,8.42221,0.5,0,1561
8.40545,0.485528,0,8.41946,0.5,0,1562
8.41309,0.487256,0,8.42718,0.5,0,1563
8.41205,0.48725,0,8.42615,0.5,0,1564
8.41797,0.485574,0,8.43196,0.5,0,1565
8.41525,0.485564,0,8.42925,0.5,0,1566
8.42285,0.48738,0,8.43694,0.5,0,1567
8.42194,0.487373,0,8.43603,0.5,0,1568
8.42773,0.485616,0,8.44171,0.5,0,1569
8.42506,0.485604,0,8.43904,0.5,0,1570
8.43262,0.487525,0,8.4467,0.5,0,1571
8.43185,0.487518,0,8.44594,0.5,0,1572
8.4375,0.485659,0,8.45147,0.5,0,1573
8.43487,0.485648,0,8.44884,0.5,0,1574
8.44238,0.487667,0,8.45646,0.5,0,1575
8.44176,0.487663,0,8.45584,0.5,0,1576
8.44727,0.4857,0,8.46122,0.5,0,1577
8.44467,0.485689,0,8.45863,0.5,0,1578
8.45215,0.487814,0,8.46621,0.5,0,1579
8.45168,0.487811,0,8.46574,0.5,0,1580
8.45703,0.48574,0,8.47097,0.5,0,1581
8.45448,0.48573,0,8.46842,0.5,0,1582
8.46191,0.487956,0,8.47597,0.5,0,1583
8.46159,0.487953,0,8.47564,0.5,0,1584
8.4668,0.485779,0,8.48072,0.5,0,1585
8.46428,0.485769,0,8.47821,0.5,0,1586
8.47168,0.488114,0,8.48573,0.5,0,1587
8.47151,0.488113,0,8.48556,0.5,0,1588
8.47656,0.485822,0,8.49047,0.5,0,1589
8.47409,0.485811,0,8.48801,0.5,0,1590
8.48145,0.488273,0,8.49549,0.5,0,1591
8.48144,0.488273,0,8.49548,0.5,0,1592
8.48633,0.485856,0,8.50022,0.5,0,1593
8.4839,0.485849,0,8.4978,0.5,0,1594
8.49111,0.488281,0,8.50514,0.5,0,1595
8.49609,0.48588,0,8.50998,0.5,0,1596
8.49369,0.485874,0,8.50757,0.5,0,1597
8.49131,0.488281,0,8.50534,0.5,0,1598
8.50077,0.488281,0,8.51478,0.5,0,1599
8.50586,0.485917,0,8.51973,0.5,0,1600
8.50348,0.485907,0,8.51736,0.5,0,1601
8.50119,0.488281,0,8.5152,0.5,0,1602
8.51038,0.488281,0,8.52438,0.5,0,1603
8.51562,0.485953,0,8.52948,0.5,0,1604
8.51329,0.485945,0,8.52715,0.5,0,1605
8.51111,0.488281,0,8.5251,0.5,0,1606
8.52004,0.488281,0,8.53402,0.5,0,1607
8.52539,0.485978,0,8.53923,0.5,0,1608
8.52308,0.485972,0,8.53692,0.5,0,1609
8.52098,0.488281,0,8.53496,0.5,0,1610
8.52972,0.488281,0,8.54368,0.5,0,1611
8.53516,0.486007,0,8.54898,0.5,0,1612
8.53287,0.485999,0,8.5467,0.5,0,1613
8.53084,0.488281,0,8.5448,0.5,0,1614
8.53936,0.488281,0,8.55331,0.5,0,1615
8.54492,0.486045,0,8.55873,0.5,0,1616
8.54268,0.486037,0,8.55649,0.5,0,1617
8.54073,0.488281,0,8.55467,0.5,0,1618
8.549,0.488281,0,8.56294,0.5,0,1619
8.55469,0.486075,0,8.56849,0.5,0,1620
8.55248,0.486069,0,8.56628,0.5,0,1621
8.55061,0.488281,0,8.56454,0.5,0,1622
8.55868,0.488281,0,8.5726,0.5,0,1623
8.56445,0.486095,0,8.57824,0.5,0,1624
8.56226,0.486091,0,8.57605,0.5,0,1625
8.56046,0.488281,0,8.57438,0.5,0,1626
8.56839,0.488281,0,8.58229,0.5,0,1627
8.57422,0.486118,0,8.58799,0.5,0,1628
8.57205,0.486112,0,8.58582,0.5,0,1629
8.57029,0.488281,0,8.58419,0.5,0,1630
8.57808,0.488281,0,8.59196,0.5,0,1631
8.58398,0.48614,0,8.59774,0.5,0,1632
8.58184,0.486135,0,8.5956,0.5,0,1633
8.58014,0.488281,0,8.59402,0.5,0,1634
8.58887,0.486148,0,8.60261,0.5,0,1635
8.58673,0.486144,0,8.60048,0.5,0,1636
8.59375,0.486155,0,8.60749,0.5,0,1637
8.59162,0.486152,0,8.60536,0.5,0,1638
8.59751,0.488281,0,8.61136,0.5,0,1639
8.60352,0.486164,0,8.61724,0.5,0,1640
8.6014,0.486163,0,8.61513,0.5,0,1641
8.59976,0.488281,0,8.61362,0.5,0,1642
8.60724,0.488281,0,8.62108,0.5,0,1643
8.61328,0.486178,0,8.62699,0.5,0,1644
8.61117,0.486174,0,8.62489,0.5,0,1645
8.60956,0.488281,0,8.6234,0.5,0,1646
8.61695,0.488281,0,8.63078,0.5,0,1647
8.62305,0.486194,0,8.63674,0.5,0,1648
8.62096,0.486192,0,8.63466,0.5,0,1649
8.61938,0.488281,0,8.6332,0.5,0,1650
8.62669,0.488281,0,8.64049,0.5,0,1651
8.63281,0.486198,0,8.64649,0.5,0,1652
8.63073,0.486198,0,8.64441,0.5,0,1653
8.62918,0.488281,0,8.64298,0.5,0,1654
8.63644,0.488281,0,8.65023,0.5,0,1655
8.64258,0.486205,0,8.65624,0.5,0,1656
8.6405,0.486202,0,8.65417,0.5,0,1657
8.63895,0.488281,0,8.65274,0.5,0,1658
8.64746,0.486212,0,8.66112,0.5,0,1659
8.64539,0.486209,0,8.65905,0.5,0,1660
8.65234,0.486218,0,8.66599,0.5,0,1661
8.65028,0.486216,0,8.66393,0.5,0,1662
8.6559,0.488281,0,8.66967,0.5,0,1663
8.66211,0.486232,0,8.67575,0.5,0,1664
8.66006,0.486229,0,8.6737,0.5,0,1665
8.65856,0.488281,0,8.67231,0.5,0,1666
8.66563,0.488281,0,8.67937,0.5,0,1667
8.67188,0.486244,0,8.6855,0.5,0,1668
8.66984,0.486242,0,8.68346,0.5,0,1669
8.66836,0.488281,0,8.68211,0.5,0,1670
8.67536,0.488281,0,8.68909,0.5,0,1671
8.68164,0.486252,0,8.69525,0.5,0,1672
8.67961,0.486251,0,8.69322,0.5,0,1673
8.67816,0.488281,0,8.69188,0.5,0,1674
8.68511,0.488281,0,8.69882,0.5,0,1675
8.69141,0.486261,0,8.705,0.5,0,1676
8.68938,0.486258,0,8.70298,0.5,0,1677
8.68794,0.488281,0,8.70166,0.5,0,1678
8.69484,0.488281,0,8.70854,0.5,0,1679
8.70117,0.486271,0,8.71475,0.5,0,1680
8.69916,0.486269,0,8.71274,0.5,0,1681
8.69774,0.488281,0,8.71144,0.5,0,1682
8.70458,0.488281,0,8.71827,0.5,0,1683
8.71094,0.486279,0,8.7245,0.5,0,1684
8.70893,0.486276,0,8.7225,0.5,0,1685
8.70753,0.488281,0,8.72121,0.5,0,1686
8.71582,0.486286,0,8.72938,0.5,0,1687
8.71382,0.486283,0,8.72738,0.5,0,1688
8.7207,0.486289,0,8.73425,0.5,0,1689
8.71871,0.486288,0,8.73226,0.5,0,1690
8.72406,0.488281,0,8.73771,0.5,0,1691
8.73047,0.486305,0,8.744,0.5,0,1692
8.72849,0.486301,0,8.74202,0.5,0,1693
8.72712,0.488281,0,8.74077,0.5,0,1694
8.73377,0.488281,0,8.7474,0.5,0,1695
8.74023,0.486328,0,8.75375,0.5,0,1696
8.73828,0.486324,0,8.7518,0.5,0,1697
8.73695,0.488281,0,8.75058,0.5,0,1698
8.74347,0.488281,0,8.7571,0.5,0,1699
8.75,0.486345,0,8.76351,0.5,0,1700
8.74806,0.486342,0,8.76157,0.5,0,1701
8.74677,0.488281,0,8.76039,0.5,0,1702
8.7532,0.488281,0,8.76681,0.5,0,1703
8.75977,0.486355,0,8.77326,0.5,0,1704
8.75784,0.486353,0,8.77133,0.5,0,1705
8.75657,0.488281,0,8.77018,0.5,0,1706
8.76293,0.488281,0,8.77653,0.5,0,1707
8.76953,0.486373,0,8.78301,0.5,0,1708
8.76762,0.486368,0,8.7811,0.5,0,1709
8.76637,0.488281,0,8.77996,0.5,0,1710
8.77264,0.488281,0,8.78622,0.5,0,1711
8.7793,0.486396,0,8.79276,0.5,0,1712
8.77741,0.486392,0,8.79087,0.5,0,1713
8.7762,0.488281,0,8.78977,0.5,0,1714
8.78235,0.488281,0,8.79591,0.5,0,1715
8.78906,0.486414,0,8.80251,0.5,0,1716
8.78719,0.486411,0,8.80064,0.5,0,1717
8.78602,0.488281,0,8.79958,0.5,0,1718
8.79207,0.488281,0,8.80562,0.5,0,1719
8.79883,0.486431,0,8.81226,0.5,0,1720
8.79697,0.486427,0,8.81041,0.5,0,1721
8.79583,0.488281,0,8.80937,0.5,0,1722
8.80179,0.488281,0,8.81532,0.5,0,1723
8.80859,0.486455,0,8.82202,0.5,0,1724
8.80676,0.48645,0,8.82019,0.5,0,1725
8.80565,0.488281,0,8.81918,0.5,0,1726
8.81149,0.488281,0,8.82501,0.5,0,1727
8.81836,0.486481,0,8.83177,0.5,0,1728
8.81655,0.486476,0,8.82997,0.5,0,1729
8.81548,0.488281,0,8.82899,0.5,0,1730
8.8212,0.488281,0,8.8347,0.5,0,1731
8.82812,0.486499,0,8.84152,0.5,0,1732
8.82634,0.486496,0,8.83974,0.5,0,1733
8.8253,0.488281,0,8.8388,0.5,0,1734
8.83093,0.488281,0,8.84441,0.5,0,1735
8.83789,0.486502,0,8.85127,0.5,0,1736
8.83611,0.486502,0,8.84949,0.5,0,1737
8.83509,0.488281,0,8.84857,0.5,0,1738
8.8407,0.488281,0,8.85417,0.5,0,1739
8.84766,0.486487,0,8.86102,0.5,0,1740
8.84587,0.486491,0,8.85923,0.5,0,1741
8.84484,0.488281,0,8.85831,0.5,0,1742
8.85051,0.488281,0,8.86397,0.5,0,1743
8.85742,0.48646,0,8.87077,0.5,0,1744
8.85561,0.486466,0,8.86896,0.5,0,1745
8.85455,0.488281,0,8.868,0.5,0,1746
8.86035,0.488281,0,8.87379,0.5,0,1747
8.86719,0.486442,0,8.88052,0.5,0,1748
8.86535,0.486443,0,8.87868,0.5,0,1749
8.86425,0.488281,0,8.87769,0.5,0,1750
8.87013,0.488281,0,8.88356,0.5,0,1751
8.87695,0.486456,0,8.89027,0.5,0,1752
8.87512,0.486451,0,8.88844,0.5,0,1753
8.87401,0.488281,0,8.88744,0.5,0,1754
8.87984,0.488281,0,8.89326,0.5,0,1755
8.88672,0.486488,0,8.90002,0.5,0,1756
8.88492,0.486482,0,8.89823,0.5,0,1757
8.88385,0.488281,0,8.89726,0.5,0,1758
8.8916,0.486502,0,8.9049,0.5,0,1759
8.88982,0.486498,0,8.90312,0.5,0,1760
8.89648,0.486505,0,8.90978,0.5,0,1761
8.89471,0.486505,0,8.908,0.5,0,1762
8.90137,0.486493,0,8.91465,0.5,0,1763
8.89958,0.486499,0,8.91287,0.5,0,1764
8.90625,0.486466,0,8.91953,0.5,0,1765
8.90445,0.486477,0,8.91772,0.5,0,1766
8.91113,0.486432,0,8.9244,0.5,0,1767
8.9093,0.486445,0,8.92257,0.5,0,1768
8.91602,0.4864,0,8.92927,0.5,0,1769
8.91415,0.486412,0,8.92741,0.5,0,1770
8.9209,0.486374,0,8.93415,0.5,0,1771
8.919,0.486383,0,8.93225,0.5,0,1772
8.92578,0.486356,0,8.93902,0.5,0,1773
8.92386,0.486363,0,8.93711,0.5,0,1774
8.93066,0.486342,0,8.9439,0.5,0,1775
8.92873,0.486348,0,8.94197,0.5,0,1776
8.93555,0.486326,0,8.94877,0.5,0,1777
8.9336,0.486333,0,8.94683,0.5,0,1778
8.94043,0.4863,0,8.95365,0.5,0,1779
8.93846,0.486312,0,8.95168,0.5,0,1780
8.94531,0.486257,0,8.95852,0.5,0,1781
8.94331,0.486276,0,8.95652,0.5,0,1782
8.9502,0.486193,0,8.96339,0.5,0,1783
8.94814,0.486222,0,8.96134,0.5,0,1784
8.95508,0.486112,0,8.96826,0.5,0,1785
8.95295,0.486149,0,8.96613,0.5,0,1786
8.95996,0.486021,0,8.97313,0.5,0,1787
8.95774,0.486063,0,8.97092,0.5,0,1788
8.96484,0.485929,0,8.978,0.5,0,1789
8.96254,0.485973,0,8.9757,0.5,0,1790
8.96973,0.48584,0,8.98287,0.5,0,1791
8.96733,0.485884,0,8.98048,0.5,0,1792
8.97461,0.485754,0,8.98775,0.5,0,1793
8.97213,0.485798,0,8.98527,0.5,0,1794
8.97949,0.485665,0,8.99262,0.5,0,1795
8.97692,0.485712,0,8.99005,0.5,0,1796
8.98438,0.485568,0,8.99749,0.5,0,1797
8.98172,0.485622,0,8.99483,0.5,0,1798
8.98926,0.485457,0,9.00236,0.5,0,1799
8.9865,0.485521,0,8.9996,0.5,0,1800
8.99414,0.485332,0,9.00723,0.5,0,1801
8.99127,0.485407,0,9.00436,0.5,0,1802
8.99902,0.485194,0,9.01209,0.5,0,1803
8.99602,0.48528,0,9.0091,0.5,0,1804
9.00391,0.485044,0,9.01696,0.5,0,1805
9.00077,0.485141,0,9.01383,0.5,0,1806
9.00879,0.484886,0,9.02183,0.5,0,1807
9.0055,0.484993,0,9.01855,0.5,0,1808
9.01367,0.484717,0,9.0267,0.5,0,1809
9.01023,0.484837,0,9.02326,0.5,0,1810
9.01855,0.484533,0,9.03156,0.5,0,1811
9.01494,0.48467,0,9.02796,0.5,0,1812
9.02344,0.484334,0,9.03643,0.5,0,1813
9.01965,0.48449,0,9.03265,0.5,0,1814
9.02832,0.484116,0,9.04129,0.5,0,1815
9.02433,0.484295,0,9.03732,0.5,0,1816
9.0332,0.483884,0,9.04615,0.5,0,1817
9.02901,0.484084,0,9.04197,0.5,0,1818
9.03809,0.483659,0,9.05102,0.5,0,1819
9.0337,0.483893,0,9.04665,0.5,0,1820
9.04297,0.483423,0,9.05588,0.5,0,1821
9.03832,0.483631,0,9.05125,0.5,0,1822
9.04785,0.483219,0,9.06075,0.5,0,1823
9.04768,0.483226,0,9.06057,0.5,0,1824
9.04357,0.483398,0,9.05648,0.5,0,1825
9.04299,0.483423,0,9.05591,0.5,0,1826
9.05273,0.482957,0,9.06561,0.5,0,1827
9.05232,0.48298,0,9.06519,0.5,0,1828
9.05762,0.482682,0,9.07047,0.5,0,1829
9.05694,0.482721,0,9.06979,0.5,0,1830
9.0625,0.482394,0,9.07533,0.5,0,1831
9.06155,0.48245,0,9.07439,0.5,0,1832
9.17969,0.468671,0,9.19164,0.5,0,1833
9.17961,0.468677,0,9.19157,0.5,0,1834
9.1792,0.46875,0,9.19116,0.5,0,1835
9.18457,0.467812,0,9.19648,0.5,0,1836
9.18377,0.467954,0,9.19569,0.5,0,1837
9.18945,0.466771,0,9.2013,0.5,0,1838
9.18782,0.467121,0,9.19969,0.5,0,1839
9.19434,0.465681,0,9.20612,0.5,0,1840
9.19183,0.466245,0,9.20365,0.5,0,1841
9.19922,0.464571,0,9.21094,0.5,0,1842
9.19582,0.465348,0,9.20758,0.5,0,1843
9.2041,0.463629,0,9.21577,0.5,0,1844
9.20389,0.463655,0,9.21556,0.5,0,1845
9.20287,0.463867,0,9.21455,0.5,0,1846
9.19982,0.464467,0,9.21154,0.5,0,1847
9.20898,0.46253,0,9.22059,0.5,0,1848
9.2079,0.462778,0,9.21952,0.5,0,1849
9.21387,0.461257,0,9.22541,0.5,0,1850
9.2118,0.461801,0,9.22337,0.5,0,1851
9.21875,0.459949,0,9.23022,0.5,0,1852
9.21566,0.46078,0,9.22718,0.5,0,1853
9.06738,0.482088,0,9.08019,0.5,0,1854
9.06615,0.482167,0,9.07896,0.5,0,1855
9.07227,0.481763,0,9.08505,0.5,0,1856
9.07073,0.481867,0,9.08352,0.5,0,1857
9.07715,0.481416,0,9.08991,0.5,0,1858
9.0753,0.481549,0,9.08807,0.5,0,1859
9.08203,0.481049,0,9.09476,0.5,0,1860
9.07985,0.481215,0,9.09259,0.5,0,1861
9.08691,0.480659,0,9.09962,0.5,0,1862
9.08438,0.480863,0,9.0971,0.5,0,1863
9.0918,0.480245,0,9.10447,0.5,0,1864
9.08889,0.480493,0,9.10158,0.5,0,1865
9.09668,0.479804,0,9.10932,0.5,0,1866
9.09338,0.480103,0,9.10605,0.5,0,1867
9.10156,0.479338,0,9.11418,0.5,0,1868
9.09786,0.479693,0,9.11049,0.5,0,1869
9.11133,0.478445,0,9.12388,0.5,0,1870
9.11126,0.478448,0,9.12381,0.5,0,1871
9.11048,0.478516,0,9.12304,0.5,0,1872
9.10645,0.478852,0,9.11903,0.5,0,1873
9.10231,0.479264,0,9.11492,0.5,0,1874
9.10676,0.478827,0,9.11934,0.5,0,1875
9.11621,0.477973,0,9.12873,0.5,0,1876
9.11572,0.478022,0,9.12824,0.5,0,1877
9.12109,0.477417,0,9.13358,0.5,0,1878
9.12011,0.47753,0,9.1326,0.5,0,1879
9.12598,0.476833,0,9.13843,0.5,0,1880
9.12448,0.477015,0,9.13694,0.5,0,1881
9.13086,0.476219,0,9.14327,0.5,0,1882
9.12882,0.476478,0,9.14125,0.5,0,1883
9.13574,0.475574,0,9.14811,0.5,0,1884
9.13315,0.47592,0,9.14554,0.5,0,1885
9.14062,0.474896,0,9.15295,0.5,0,1886
9.13745,0.47534,0,9.1498,0.5,0,1887
9.14551,0.474192,0,9.15779,0.5,0,1888
9.14173,0.474738,0,9.15405,0.5,0,1889
9.15039,0.473579,0,9.16264,0.5,0,1890
9.15034,0.473582,0,9.16259,0.5,0,1891
9.14996,0.473633,0,9.16221,0.5,0,1892
9.14601,0.474133,0,9.15829,0.5,0,1893
9.15527,0.47292,0,9.16748,0.5,0,1894
9.15465,0.473006,0,9.16686,0.5,0,1895
9.16016,0.472115,0,9.17231,0.5,0,1896
9.15886,0.472332,0,9.17103,0.5,0,1897
9.16504,0.471271,0,9.17715,0.5,0,1898
9.16303,0.471622,0,9.17516,0.5,0,1899
9.16992,0.470385,0,9.18198,0.5,0,1900
9.16718,0.470887,0,9.17926,0.5,0,1901
9.1748,0.469467,0,9.18681,0.5,0,1902
9.1713,0.470128,0,9.18334,0.5,0,1903
9.17543,0.469371,0,9.18742,0.5,0,1904
9.22363,0.458824,0,9.23504,0.5,0,1905
9.22349,0.458841,0,9.2349,0.5,0,1906
9.22294,0.458984,0,9.23435,0.5,0,1907
9.22852,0.457583,0,9.23985,0.5,0,1908
9.2274,0.457869,0,9.23875,0.5,0,1909
9.21954,0.459779,0,9.231,0.5,0,1910
9.2334,0.4561,0,9.24466,0.5,0,1911
9.23119,0.456776,0,9.24248,0.5,0,1912
9.23828,0.454648,0,9.24946,0.5,0,1913
9.23494,0.455645,0,9.24618,0.5,0,1914
9.25781,0.448807,0,9.26868,0.5,0,1915
9.25747,0.448872,0,9.26834,0.5,0,1916
9.25637,0.449219,0,9.26727,0.5,0,1917
9.24316,0.453426,0,9.25428,0.5,0,1918
9.24261,0.453544,0,9.25373,0.5,0,1919
9.24047,0.454102,0,9.25162,0.5,0,1920
9.23874,0.45456,0,9.24992,0.5,0,1921
9.24805,0.451853,0,9.25908,0.5,0,1922
9.24635,0.452404,0,9.25741,0.5,0,1923
9.25293,0.4502,0,9.26388,0.5,0,1924
9.25002,0.451191,0,9.26102,0.5,0,1925
9.25371,0.450004,0,9.26465,0.5,0,1926
9.2627,0.447159,0,9.27348,0.5,0,1927
9.26116,0.447682,0,9.27197,0.5,0,1928
9.26758,0.445336,0,9.27827,0.5,0,1929
9.26476,0.446397,0,9.2755,0.5,0,1930
9.27246,0.443808,0,9.28308,0.5,0,1931
9.27203,0.443903,0,9.28265,0.5,0,1932
9.27078,0.444336,0,9.28142,0.5,0,1933
9.26837,0.445124,0,9.27905,0.5,0,1934
9.27734,0.441948,0,9.28786,0.5,0,1935
9.27562,0.442611,0,9.28617,0.5,0,1936
9.28711,0.438351,0,9.29745,0.5,0,1937
9.28627,0.438611,0,9.29662,0.5,0,1938
9.28387,0.439453,0,9.29427,0.5,0,1939
9.28223,0.440012,0,9.29265,0.5,0,1940
9.27914,0.441244,0,9.28962,0.5,0,1941
9.28268,0.439905,0,9.2931,0.5,0,1942
9.29199,0.436216,0,9.30223,0.5,0,1943
9.28974,0.437206,0,9.30003,0.5,0,1944
9.29688,0.434343,0,9.30702,0.5,0,1945
9.29668,0.43438,0,9.30683,0.5,0,1946
9.29628,0.43457,0,9.30644,0.5,0,1947
9.2932,0.43578,0,9.30341,0.5,0,1948
9.31152,0.428138,0,9.32136,0.5,0,1949
9.31041,0.428571,0,9.32027,0.5,0,1950
9.30768,0.429688,0,9.31759,0.5,0,1951
9.31641,0.42572,0,9.32613,0.5,0,1952
9.31376,0.42704,0,9.32354,0.5,0,1953
9.32129,0.423667,0,9.33091,0.5,0,1954
9.32045,0.423967,0,9.33009,0.5,0,1955
9.31859,0.424805,0,9.32827,0.5,0,1956
9.3171,0.425497,0,9.32681,0.5,0,1957
9.32617,0.42112,0,9.33567,0.5,0,1958
9.32376,0.42239,0,9.33332,0.5,0,1959
9.33105,0.418909,0,9.34045,0.5,0,1960
9.33031,0.419175,0,9.33972,0.5,0,1961
9.32882,0.419922,0,9.33827,0.5,0,1962
9.33594,0.416246,0,9.34521,0.5,0,1963
9.33356,0.417549,0,9.3429,0.5,0,1964
9.32705,0.420796,0,9.33653,0.5,0,1965
9.30176,0.432297,0,9.3118,0.5,0,1966
9.30016,0.432972,0,9.31023,0.5,0,1967
9.30664,0.430103,0,9.31657,0.5,0,1968
9.30356,0.431493,0,9.31356,0.5,0,1969
9.30697,0.430022,0,9.3169,0.5,0,1970
9.35059,0.40863,0,9.35951,0.5,0,1971
9.34953,0.409105,0,9.35848,0.5,0,1972
9.3476,0.410156,0,9.35659,0.5,0,1973
9.35547,0.405747,0,9.36426,0.5,0,1974
9.3527,0.40739,0,9.36157,0.5,0,1975
9.34082,0.413899,0,9.34999,0.5,0,1976
9.34,0.414217,0,9.34918,0.5,0,1977
9.33846,0.415039,0,9.34767,0.5,0,1978
9.33681,0.41591,0,9.34607,0.5,0,1979
9.3457,0.411117,0,9.35474,0.5,0,1980
9.34321,0.412547,0,9.35231,0.5,0,1981
9.3464,0.410857,0,9.35543,0.5,0,1982
9.36523,0.400143,0,9.37378,0.5,0,1983
9.36504,0.400199,0,9.37359,0.5,0,1984
9.36482,0.400391,0,9.37338,0.5,0,1985
9.36035,0.403049,0,9.36903,0.5,0,1986
9.35891,0.403831,0,9.36762,0.5,0,1987
9.35633,0.405273,0,9.3651,0.5,0,1988
9.35583,0.405632,0,9.36462,0.5,0,1989
9.36204,0.402081,0,9.37067,0.5,0,1990
9.37012,0.397106,0,9.37853,0.5,0,1991
9.3681,0.398372,0,9.37656,0.5,0,1992
9.375,0.394196,0,9.38328,0.5,0,1993
9.37411,0.394617,0,9.38241,0.5,0,1994
9.37281,0.395508,0,9.38115,0.5,0,1995
9.37119,0.396576,0,9.37957,0.5,0,1996
9.47754,0.31098,0,9.48264,0.5,0,1997
9.4767,0.311659,0,9.48182,0.5,0,1998
9.47609,0.3125,0,9.48124,0.5,0,1999
9.48242,0.305704,0,9.48735,0.5,0,2000
9.48142,0.306611,0,9.48637,0.5,0,2001
9.48068,0.307617,0,9.48567,0.5,0,2002
9.47922,0.309301,0,9.48427,0.5,0,2003
9.4873,0.300198,0,9.49205,0.5,0,2004
9.48605,0.301476,0,9.49084,0.5,0,2005
9.48508,0.302734,0,9.48991,0.5,0,2006
9.49219,0.29849,0,9.49688,0.5,0,2007
9.48849,0.299033,0,9.4932,0.5,0,2008
9.4839,0.304209,0,9.48877,0.5,0,2009
9.51172,0.26978,0,9.51554,0.5,0,2010
9.51014,0.271863,0,9.51403,0.5,0,2011
9.50902,0.273438,0,9.51295,0.5,0,2012
9.53125,0.240698,0,9.53429,0.5,0,2013
9.52994,0.242829,0,9.53303,0.5,0,2014
9.5292,0.244141,0,9.53232,0.5,0,2015
9.52637,0.248565,0,9.52961,0.5,0,2016
9.52615,0.248802,0,9.52939,0.5,0,2017
9.52607,0.249023,0,9.52933,0.5,0,2018
9.52422,0.25176,0,9.52755,0.5,0,2019
9.52275,0.253906,0,9.52613,0.5,0,2020
9.52811,0.24588,0,9.53128,0.5,0,2021
9.5166,0.263114,0,9.52024,0.5,0,2022
9.51632,0.263391,0,9.51997,0.5,0,2023
9.51621,0.263672,0,9.51987,0.5,0,2024
9.52148,0.255861,0,9.52492,0.5,0,2025
9.52028,0.257583,0,9.52376,0.5,0,2026
9.51958,0.258789,0,9.52309,0.5,0,2027
9.51838,0.26057,0,9.52195,0.5,0,2028
9.51432,0.266274,0,9.51805,0.5,0,2029
9.51261,0.268555,0,9.5164,0.5,0,2030
9.51232,0.269157,0,9.51613,0.5,0,2031
9.52233,0.254754,0,9.52574,0.5,0,2032
9.50195,0.28263,0,9.50616,0.5,0,2033
9.50164,0.282891,0,9.50585,0.5,0,2034
9.5015,0.283203,0,9.50572,0.5,0,2035
9.49707,0.290261,0,9.5015,0.5,0,2036
9.4966,0.292498,0,9.5011,0.5,0,2037
9.49546,0.292969,0,9.49997,0.5,0,2038
9.50037,0.286504,0,9.50469,0.5,0,2039
9.49792,0.288086,0,9.50229,0.5,0,2040
9.49738,0.288397,0,9.50176,0.5,0,2041
9.50684,0.276326,0,9.51085,0.5,0,2042
9.50589,0.27737,0,9.50993,0.5,0,2043
9.50532,0.27832,0,9.50939,0.5,0,2044
9.5042,0.280572,0,9.50834,0.5,0,2045
9.50815,0.27475,0,9.51212,0.5,0,2046
9.49362,0.292969,0,9.49814,0.5,0,2047
9.49362,0.294398,0,9.49818,0.5,0,2048
9.49219,0.29448,0,9.49675,0.5,0,2049
9.59855,0.00382221,0,9.59855,0.5,0,2050
9.59854,0.00488281,0,9.59854,0.5,0,2051
9.5985,0.00865308,0,9.5985,0.5,0,2052
9.59848,0.00976562,0,9.59848,0.5,0,2053
9.5984,0.0134391,0,9.59841,0.5,0,2054
9.59837,0.0146484,0,9.59838,0.5,0,2055
9.59826,0.0181805,0,9.59828,0.5,0,2056
9.59821,0.0195312,0,9.59823,0.5,0,2057
9.59807,0.0228771,0,9.5981,0.5,0,2058
9.598,0.0244141,0,9.59803,0.5,0,2059
9.59784,0.0275284,0,9.59788,0.5,0,2060
9.59774,0.0292969,0,9.59779,0.5,0,2061
9.59756,0.0321339,0,9.59762,0.5,0,2062
9.59743,0.0341797,0,9.59749,0.5,0,2063
9.59724,0.0366934,0,9.59731,0.5,0,2064
9.59706,0.0390625,0,9.59713,0.5,0,2065
9.59687,0.0412072,0,9.59696,0.5,0,2066
9.59663,0.0439453,0,9.59673,0.5,0,2067
9.59646,0.0456761,0,9.59657,0.5,0,2068
9.59614,0.0488281,0,9.59626,0.5,0,2069
9.596,0.0501017,0,9.59613,0.5,0,2070
9.59559,0.0537109,0,9.59574,0.5,0,2071
9.5955,0.0544877,0,9.59566,0.5,0,2072
9.59501,0.0585938,0,9.59519,0.5,0,2073
9.59473,0.0613904,0,9.59492,0.5,0,2074
9.59453,0.0632806,0,9.59474,0.5,0,2075
9.59451,0.0634766,0,9.59472,0.5,0,2076
9.59395,0.0675837,0,9.59419,0.5,0,2077
9.59384,0.0683594,0,9.59408,0.5,0,2078
9.59499,0.0588548,0,9.59517,0.5,0,2079
9.5933,0.0718118,0,9.59356,0.5,0,2080
9.59306,0.0732422,0,9.59334,0.5,0,2081
9.59259,0.0759922,0,9.59289,0.5,0,2082
9.59222,0.078125,0,9.59254,0.5,0,2083
9.58984,0.0910895,0,9.59028,0.5,0,2084
9.5896,0.0925302,0,9.59005,0.5,0,2085
9.58957,0.0927734,0,9.59002,0.5,0,2086
9.58878,0.0965887,0,9.58926,0.5,0,2087
9.58855,0.0976562,0,9.58905,0.5,0,2088
9.58786,0.100553,0,9.58838,0.5,0,2089
9.58737,0.102539,0,9.58792,0.5,0,2090
9.58689,0.104464,0,9.58746,0.5,0,2091
9.58612,0.107422,0,9.58672,0.5,0,2092
9.58496,0.112478,0,9.58562,0.5,0,2093
9.58408,0.116302,0,9.58478,0.5,0,2094
9.58387,0.117188,0,9.58458,0.5,0,2095
9.58591,0.10837,0,9.58652,0.5,0,2096
9.585,0.112305,0,9.58566,0.5,0,2097
9.585,0.112341,0,9.58566,0.5,0,2098
9.59185,0.0801322,0,9.59219,0.5,0,2099
9.59131,0.0830078,0,9.59167,0.5,0,2100
9.59107,0.0842388,0,9.59144,0.5,0,2101
9.59036,0.0878906,0,9.59076,0.5,0,2102
9.59029,0.0883413,0,9.5907,0.5,0,2103
9.58008,0.130521,0,9.58097,0.5,0,2104
9.5798,0.131559,0,9.5807,0.5,0,2105
9.57975,0.131836,0,9.58066,0.5,0,2106
9.5787,0.13534,0,9.57965,0.5,0,2107
9.57828,0.136719,0,9.57925,0.5,0,2108
9.58301,0.120117,0,9.58376,0.5,0,2109
9.58243,0.12207,0,9.5832,0.5,0,2110
9.58189,0.123878,0,9.58269,0.5,0,2111
9.58095,0.126953,0,9.58179,0.5,0,2112
9.58079,0.127665,0,9.58164,0.5,0,2113
9.5752,0.146249,0,9.57631,0.5,0,2114
9.57513,0.146422,0,9.57625,0.5,0,2115
9.57512,0.146484,0,9.57625,0.5,0,2116
9.57749,0.139011,0,9.5785,0.5,0,2117
9.57658,0.141602,0,9.57763,0.5,0,2118
9.57627,0.142674,0,9.57733,0.5,0,2119
9.57395,0.15012,0,9.57512,0.5,0,2120
9.57354,0.151367,0,9.57473,0.5,0,2121
9.57263,0.153684,0,9.57386,0.5,0,2122
9.57161,0.15625,0,9.57288,0.5,0,2123
9.57031,0.160253,0,9.57165,0.5,0,2124
9.57007,0.160893,0,9.57142,0.5,0,2125
9.57003,0.161133,0,9.57138,0.5,0,2126
9.56876,0.164464,0,9.57017,0.5,0,2127
9.56816,0.166016,0,9.5696,0.5,0,2128
9.56543,0.172877,0,9.56699,0.5,0,2129
9.56465,0.175006,0,9.56626,0.5,0,2130
9.56441,0.175781,0,9.56603,0.5,0,2131
9.56736,0.167948,0,9.56884,0.5,0,2132
9.56612,0.170898,0,9.56765,0.5,0,2133
9.56598,0.171444,0,9.56751,0.5,0,2134
9.56055,0.184756,0,9.56233,0.5,0,2135
9.56029,0.185292,0,9.56209,0.5,0,2136
9.56023,0.185547,0,9.56203,0.5,0,2137
9.5588,0.188687,0,9.56067,0.5,0,2138
9.558,0.19043,0,9.5599,0.5,0,2139
9.55728,0.192041,0,9.5592,0.5,0,2140
9.55578,0.195312,0,9.55777,0.5,0,2141
9.5632,0.17843,0,9.56486,0.5,0,2142
9.56215,0.180664,0,9.56386,0.5,0,2143
9.56171,0.18183,0,9.56344,0.5,0,2144
9.55078,0.205724,0,9.553,0.5,0,2145
9.5494,0.208581,0,9.55168,0.5,0,2146
9.54873,0.209961,0,9.55104,0.5,0,2147
9.54774,0.211804,0,9.55009,0.5,0,2148
9.54607,0.214844,0,9.54848,0.5,0,2149
9.54102,0.224154,0,9.54365,0.5,0,2150
9.54082,0.224413,0,9.54346,0.5,0,2151
9.54076,0.224609,0,9.54341,0.5,0,2152
9.53613,0.232694,0,9.53897,0.5,0,2153
9.53547,0.233717,0,9.53834,0.5,0,2154
9.53521,0.234375,0,9.53809,0.5,0,2155
9.53905,0.227525,0,9.54176,0.5,0,2156
9.53788,0.229492,0,9.54064,0.5,0,2157
9.5373,0.230662,0,9.54009,0.5,0,2158
9.5459,0.215159,0,9.54832,0.5,0,2159
9.5443,0.218133,0,9.5468,0.5,0,2160
9.54344,0.219727,0,9.54597,0.5,0,2161
9.54259,0.221303,0,9.54516,0.5,0,2162
9.54603,0.214978,0,9.54845,0.5,0,2163
9.55566,0.195563,0,9.55767,0.5,0,2164
9.55423,0.198761,0,9.5563,0.5,0,2165
9.55358,0.200195,0,9.55567,0.5,0,2166
9.55264,0.202057,0,9.55478,0.5,0,2167
9.55109,0.205078,0,9.55329,0.5,0,2168
9.55576,0.195406,0,9.55776,0.5,0,2169
9.55103,0.205324,0,9.55323,0.5,0,2170
9.5713,0.157241,0,9.57259,0.5,0,2171
9.53368,0.236805,0,9.53662,0.5,0,2172
9.5321,0.239258,0,9.5351,0.5,0,2173
9.53186,0.239865,0,9.53487,0.5,0,2174
9.38477,0.387871,0,9.39278,0.5,0,2175
9.38308,0.388944,0,9.39114,0.5,0,2176
9.38045,0.390625,0,9.38858,0.5,0,2177
9.38965,0.384653,0,9.39752,0.5,0,2178
9.38891,0.385001,0,9.3968,0.5,0,2179
9.388,0.385742,0,9.39593,0.5,0,2180
9.38611,0.387087,0,9.39409,0.5,0,2181
9.39453,0.381239,0,9.40226,0.5,0,2182
9.39188,0.383095,0,9.39969,0.5,0,2183
9.40918,0.37085,0,9.41649,0.5,0,2184
9.409,0.370916,0,9.41631,0.5,0,2185
9.40885,0.371094,0,9.41616,0.5,0,2186
9.41406,0.367174,0,9.42122,0.5,0,2187
9.41183,0.36886,0,9.41905,0.5,0,2188
9.39941,0.377883,0,9.40701,0.5,0,2189
9.39765,0.379096,0,9.40529,0.5,0,2190
9.39509,0.380859,0,9.4028,0.5,0,2191
9.4043,0.374431,0,9.41175,0.5,0,2192
9.40331,0.374991,0,9.41079,0.5,0,2193
9.40212,0.375977,0,9.40964,0.5,0,2194
9.40061,0.377172,0,9.40817,0.5,0,2195
9.39481,0.381137,0,9.40254,0.5,0,2196
9.40623,0.37303,0,9.41363,0.5,0,2197
9.43848,0.347858,0,9.44488,0.5,0,2198
9.43645,0.349539,0,9.44292,0.5,0,2199
9.434,0.351562,0,9.44054,0.5,0,2200
9.44336,0.343724,0,9.44961,0.5,0,2201
9.44173,0.345048,0,9.44803,0.5,0,2202
9.43988,0.34668,0,9.44624,0.5,0,2203
9.43922,0.347419,0,9.44561,0.5,0,2204
9.44824,0.33943,0,9.45434,0.5,0,2205
9.44691,0.340462,0,9.45304,0.5,0,2206
9.44556,0.341797,0,9.45174,0.5,0,2207
9.45312,0.335071,0,9.45906,0.5,0,2208
9.45206,0.335851,0,9.45803,0.5,0,2209
9.45107,0.336914,0,9.45707,0.5,0,2210
9.44965,0.33832,0,9.4557,0.5,0,2211
9.44449,0.342924,0,9.45071,0.5,0,2212
9.42383,0.359812,0,9.43069,0.5,0,2213
9.42288,0.360385,0,9.42977,0.5,0,2214
9.42187,0.361328,0,9.4288,0.5,0,2215
9.41895,0.363565,0,9.42596,0.5,0,2216
9.41739,0.364659,0,9.42445,0.5,0,2217
9.41537,0.366211,0,9.42249,0.5,0,2218
9.41471,0.366854,0,9.42185,0.5,0,2219
9.42029,0.362669,0,9.42727,0.5,0,2220
9.42871,0.355913,0,9.43543,0.5,0,2221
9.42835,0.356083,0,9.43507,0.5,0,2222
9.42805,0.356445,0,9.43479,0.5,0,2223
9.42573,0.358343,0,9.43254,0.5,0,2224
9.43359,0.351893,0,9.44015,0.5,0,2225
9.4311,0.353954,0,9.43774,0.5,0,2226
9.43382,0.351792,0,9.44038,0.5,0,2227
9.37988,0.390987,0,9.38803,0.5,0,2228
9.37716,0.392785,0,9.38538,0.5,0,2229
9.38015,0.390895,0,9.38829,0.5,0,2230
9.45801,0.330575,0,9.46378,0.5,0,2231
9.45716,0.331181,0,9.46295,0.5,0,2232
9.45645,0.332031,0,9.46227,0.5,0,2233
9.46289,0.32584,0,9.4685,0.5,0,2234
9.46213,0.326389,0,9.46776,0.5,0,2235
9.46156,0.327148,0,9.46722,0.5,0,2236
9.45981,0.328946,0,9.46552,0.5,0,2237
9.46777,0.320993,0,9.47321,0.5,0,2238
9.46704,0.321533,0,9.4725,0.5,0,2239
9.4665,0.322266,0,9.47198,0.5,0,2240
9.47266,0.316041,0,9.47793,0.5,0,2241
9.47189,0.316618,0,9.47718,0.5,0,2242
9.47134,0.317383,0,9.47666,0.5,0,2243
9.4696,0.319211,0,9.47498,0.5,0,2244
9.46472,0.324094,0,9.47027,0.5,0,2245
9.45477,0.333674,0,9.46065,0.5,0,2246
9.47445,0.314289,0,9.47966,0.5,0,2247
