Points_0,Points_1,Points_2,Points_Magnitude,absOmega,f,fs,l,l2,omega,u.x_0,u.x_1,u.x_2,u.x_Magnitude,vtkGhostType,Point ID,vtkValidPointMask
17.6502,-0.416131,0,17.6551,19.4723,0.5,0,13,-84.0934,19.4723,0.763188,-0.0903608,-0.0075772,0.768557,0,0,1
17.6575,-0.414416,0,17.6624,16.0956,0.5,0,12.5538,-57.4011,15.939,0.753395,-0.0274466,-0.00991043,0.75396,0,1,1
17.6649,-0.41408,0,17.6697,17.1311,0.5,0,12.5991,-69.7596,16.9441,0.756123,0.0165,-0.0107544,0.75638,0,2,1
17.6464,-0.417152,0,17.6514,17.936,0.5,0,12.7255,-69.5224,17.936,0.77237,-0.130162,-0.00588417,0.783283,0,3,1
17.6722,-0.413336,0,17.677,20.6075,0.5,0,12.6997,-105.429,20.2377,0.749087,0.0667261,-0.0104491,0.752125,0,4,1
17.6795,-0.412994,0,17.6843,19.8561,0.5,0,12.7458,-79.1676,18.9345,0.738176,0.114879,-0.00996469,0.747128,0,5,1
17.6869,-0.413294,0,17.6917,15.9182,0.5,0,12.7053,-35.4843,14.2686,0.72328,0.149763,-0.00923091,0.73868,0,6,1
17.4888,-0.41643,0,17.4938,23.0512,0.5,0,13,-54.4754,23.0512,0.871846,0.131993,-0.0126661,0.881872,0,7,1
17.4922,-0.417482,0,17.4972,23.0012,0.5,0,12.8545,-52.3873,23.0012,0.868209,0.150159,-0.0134269,0.881201,0,8,1
17.4815,-0.415424,0,17.4864,18.1265,0.5,0,12,-69.953,17.9791,0.87553,0.0864173,-0.0124047,0.879872,0,9,1
17.6942,-0.413957,0,17.699,10.7662,0.5,0,12.6158,2.02115,8.15112,0.704573,0.171274,-0.00803986,0.725137,0,10,1
17.4742,-0.414676,0,17.4791,18.2122,0.5,0,12.2437,-71.1736,18.0233,0.888445,0.0492604,-0.0117576,0.889887,0,11,1
17.7015,-0.414328,0,17.7064,7.51879,0.5,0,12.5658,14.7538,4.29534,0.678464,0.187057,-0.00605445,0.703804,0,12,1
17.4668,-0.413038,0,17.4717,17.2863,0.5,0,12.3986,-52.7808,17.0425,0.875173,0.016687,-0.0100452,0.87539,0,13,1
17.7089,-0.414471,0,17.7137,4.03321,0.5,0,12.5464,20.5549,-0.619221,0.647864,0.200005,-0.00333158,0.678042,0,14,1
17.4633,-0.41233,0,17.4682,17.2911,0.5,0,12.4606,-49.4021,17.1275,0.867938,0.00527002,-0.00940728,0.868005,0,15,1
17.7162,-0.414616,0,17.721,6.97238,0.5,0,12.5268,8.89393,-6.97238,0.622461,0.195241,-0.000265548,0.652362,0,16,1
17.7235,-0.415441,0,17.7284,10.3536,0.5,0,12.4154,-6.0517,-10.3536,0.599394,0.174821,0.00158385,0.62437,0,17,1
17.7309,-0.41716,0,17.7358,13.4203,0.5,0,12.0819,-26.6437,-13.4203,0.580432,0.148353,0.00213923,0.599094,0,18,1
17.4485,-0.409394,0,17.4533,13.985,0.5,0,12.5164,-33.7972,13.985,0.850698,-0.0466145,-0.0121506,0.85206,0,19,1
17.4522,-0.408463,0,17.4569,15.2141,0.5,0,12.6425,-39.5367,15.2141,0.846291,-0.0336184,-0.0118794,0.847042,0,20,1
17.4559,-0.409715,0,17.4607,16.5589,0.5,0,12.6104,-43.4193,16.5589,0.850479,-0.0203614,-0.0103062,0.850785,0,21,1
17.7376,-0.418519,0,17.7425,15.4035,0.5,0,12,-43.0587,-15.4035,0.55884,0.11851,0.00310245,0.571276,0,22,1
17.7382,-0.418701,0,17.7431,15.5003,0.5,0,12,-44.3615,-15.5003,0.556293,0.115555,0.00326796,0.568177,0,23,1
17.4338,-0.409032,0,17.4386,8.23259,0.5,0,12.4464,-10.6475,8.23259,0.854959,-0.0942128,-0.00615338,0.860157,0,24,1
17.4345,-0.409011,0,17.4393,8.50643,0.5,0,12.4436,-11.7821,8.50643,0.854757,-0.0929841,-0.00652374,0.859824,0,25,1
17.4375,-0.409844,0,17.4423,9.33694,0.5,0,12.3289,-14.0895,9.33694,0.855307,-0.086317,-0.0079383,0.859688,0,26,1
17.4412,-0.407887,0,17.4459,11.1301,0.5,0,12.5647,-21.5095,11.1301,0.850108,-0.0727447,-0.00966075,0.853269,0,27,1
17.4302,-0.407997,0,17.4349,7.23148,0.5,0,12.5796,-7.81173,7.23148,0.85496,-0.10271,-0.00440432,0.861119,0,28,1
17.4248,-0.411111,0,17.4296,5.71907,0.5,0,12.2625,-3.86712,5.71907,0.854148,-0.114752,-0.00196561,0.861824,0,29,1
17.4082,-0.413182,0,17.4131,1.23414,0.5,0,12,8.64878,0.676252,0.833254,-0.148937,0.00293301,0.846465,0,30,1
17.4155,-0.412472,0,17.4204,2.69611,0.5,0,12,4.98112,2.56854,0.842982,-0.131679,0.000937482,0.853205,0,31,1
17.4228,-0.412673,0,17.4277,4.0719,0.5,0,12,1.88276,3.87822,0.850977,-0.112087,-1.29034e-06,0.858327,0,32,1
17.4008,-0.414301,0,17.4058,1.50301,0.5,0,12,11.2335,-1.50301,0.821153,-0.164136,0.00602516,0.837418,0,33,1
17.3935,-0.415541,0,17.3985,3.3654,0.5,0,12,12.0263,-3.3654,0.807109,-0.175042,0.00936633,0.825925,0,34,1
17.3862,-0.416857,0,17.3912,4.281,0.5,0,13,19.0984,-4.281,0.788046,-0.190445,0.0137927,0.810849,0,35,1
17.3831,-0.417655,0,17.3881,5.59359,0.5,0,12.903,18.9382,-5.59359,0.779298,-0.197526,0.0150908,0.804084,0,36,1
17.3825,-0.417922,0,17.3876,5.80367,0.5,0,12.8317,18.8195,-5.80367,0.778327,-0.199101,0.0151586,0.803532,0,37,1
17.6355,-0.42129,0,17.6405,10.3369,0.5,0,12.6259,10.4487,10.3056,0.777196,-0.234311,-0.00314789,0.811755,0,38,1
17.6392,-0.420004,0,17.6442,13.1675,0.5,0,12.5456,-21.4674,13.131,0.779999,-0.201635,-0.00384078,0.805648,0,39,1
17.6282,-0.423496,0,17.6333,7.77627,0.5,0,12.5,52.6541,7.77324,0.763836,-0.31005,-0.000748369,0.824365,0,40,1
17.6244,-0.425926,0,17.6295,5.61322,0.5,0,12.7552,91.3575,5.54797,0.761093,-0.359591,7.62334e-05,0.841764,0,41,1
17.6208,-0.428225,0,17.6261,3.69199,0.5,0,12.6896,137.832,2.40475,0.72768,-0.400173,0.00116905,0.830457,0,42,1
17.5163,-0.425926,0,17.5215,23.4039,0.5,0,12.647,-16.3608,23.4006,0.805317,0.289246,-0.0188993,0.855895,0,43,1
17.5182,-0.427803,0,17.5234,19.4589,0.5,0,12.401,1.11439,18.4298,0.798585,0.291387,-0.0178941,0.850273,0,44,1
17.5108,-0.422009,0,17.5159,20.5206,0.5,0,12.4713,-13.0023,20.5206,0.809141,0.269094,-0.0193807,0.852934,0,45,1
17.5035,-0.422992,0,17.5086,18.3956,0.5,0,12.1885,-28.443,17.3045,0.862568,0.198801,-0.0177304,0.885359,0,46,1
17.4997,-0.42092,0,17.5048,20.3067,0.5,0,12.3891,-40.9291,19.6857,0.862617,0.185295,-0.0159183,0.882438,0,47,1
17.7455,-0.419742,0,17.7505,15.696,0.5,0,12,-48.4799,-15.696,0.54313,0.0819192,0.00382277,0.549286,0,48,1
17.7529,-0.419915,0,17.7578,17.5747,0.5,0,12.4621,-57.2693,-17.5747,0.527033,0.0487472,0.00442645,0.529301,0,49,1
17.7602,-0.420141,0,17.7652,19.2372,0.5,0,12.781,-68.0536,-19.2372,0.508288,0.0131959,0.00400435,0.508475,0,50,1
17.7675,-0.420693,0,17.7725,16.1895,0.5,0,12.7064,-38.4493,-16.1895,0.509935,-0.0142378,0.00368722,0.510147,0,51,1
17.7749,-0.420997,0,17.7798,13.7814,0.5,0,12.6654,-25.1203,-13.7814,0.518897,-0.0334855,0.0028466,0.519985,0,52,1
17.7822,-0.421222,0,17.7872,10.8296,0.5,0,12.635,-10.5451,-10.8296,0.530529,-0.0479838,0.0013346,0.532696,0,53,1
17.7895,-0.421409,0,17.7945,7.92242,0.5,0,12.6098,1.16001,-7.92242,0.544287,-0.0544622,-0.000435578,0.547005,0,54,1
17.7969,-0.421578,0,17.8019,5.39733,0.5,0,12.587,6.59456,-5.39733,0.557596,-0.0531837,-0.00232923,0.560132,0,55,1
17.8042,-0.42165,0,17.8092,2.71968,0.5,0,12.5773,7.32295,-2.71937,0.567437,-0.0451448,-0.00373673,0.569242,0,56,1
17.8115,-0.422331,0,17.8165,2.12325,0.5,0,12.4853,4.71979,-0.421136,0.572137,-0.0325274,-0.00449683,0.573079,0,57,1
17.3752,-0.420401,0,17.3803,7.51295,0.5,0,12.3214,20.1106,-7.51295,0.754513,-0.213666,0.0179067,0.784387,0,58,1
17.3763,-0.420258,0,17.3813,7.3345,0.5,0,12.3214,20.0009,-7.3345,0.756762,-0.211765,0.017636,0.786031,0,59,1
17.3715,-0.421675,0,17.3766,7.60332,0.5,0,12,22.2261,-7.60332,0.745484,-0.221464,0.0191064,0.777919,0,60,1
17.3642,-0.423584,0,17.3693,9.02848,0.5,0,12,25.8216,-9.02848,0.722028,-0.236019,0.0216269,0.759933,0,61,1
17.3568,-0.424091,0,17.362,13.1488,0.5,0,12.7522,17.8001,-13.1488,0.702134,-0.267393,0.0219623,0.751647,0,62,1
17.8189,-0.422245,0,17.8239,1.90913,0.5,0,12,3.59776,0.861821,0.571695,-0.0127785,-0.00362075,0.571849,0,63,1
17.3543,-0.425926,0,17.3596,15.0231,0.5,0,13,25.5645,-15.0231,0.674763,-0.27622,0.0252451,0.729548,0,64,1
17.8262,-0.422484,0,17.8312,2.13921,0.5,0,12,2.9583,1.31765,0.568255,0.00511814,-0.00333079,0.568288,0,65,1
17.3495,-0.428842,0,17.3548,13.101,0.5,0,12.6064,47.1397,-13.101,0.626952,-0.279464,0.0300987,0.687077,0,66,1
17.8335,-0.422598,0,17.8385,2.47735,0.5,0,12.2072,2.95952,1.76916,0.562034,0.0237346,-0.00325655,0.562544,0,67,1
17.8409,-0.424366,0,17.8459,3.09639,0.5,0,12.2106,3.61317,2.12407,0.553311,0.0423096,-0.00352215,0.554937,0,68,1
17.8482,-0.422101,0,17.8532,1.98215,0.5,0,12.4836,4.56111,1.68149,0.550829,0.0656693,-0.00211363,0.554734,0,69,1
17.8543,-0.425926,0,17.8594,1.29794,0.5,0,12.1716,4.355,0.31759,0.536561,0.0729268,-0.00216907,0.541498,0,70,1
17.8555,-0.427202,0,17.8606,1.45621,0.5,0,12,5.18837,-1.02379,0.528103,0.0732911,-0.00214575,0.533169,0,71,1
17.6135,-0.430286,0,17.6188,8.8658,0.5,0,12.5887,228.512,-8.8658,0.717032,-0.496812,0.00293415,0.872333,0,72,1
17.6099,-0.433333,0,17.6152,21.3468,0.5,0,12.7625,193.604,-21.3468,0.678306,-0.534833,0.00306363,0.863802,0,73,1
17.6062,-0.436292,0,17.6116,28.3835,0.5,0,12.7025,148.03,-28.3835,0.590556,-0.560438,0.00419914,0.814166,0,74,1
17.5336,-0.433333,0,17.539,23.6146,0.5,0,13,85.4539,23.6146,0.722398,0.417694,-0.017747,0.834651,0,75,1
17.5402,-0.436773,0,17.5456,12.6217,0.5,0,12.5356,228.918,6.01099,0.618792,0.454022,-0.0247072,0.767887,0,76,1
17.5328,-0.432664,0,17.5382,23.0577,0.5,0,12.9097,72.8676,23.0577,0.727672,0.415848,-0.0167702,0.838283,0,77,1
17.5255,-0.431321,0,17.5308,17.7219,0.5,0,12.2716,27.1763,15.052,0.768306,0.344571,-0.0167431,0.842202,0,78,1
17.3422,-0.430524,0,17.3475,14.8746,0.5,0,12.7576,55.9635,-14.8746,0.632114,-0.300005,0.0280903,0.700257,0,79,1
17.3383,-0.432067,0,17.3437,18.6608,0.5,0,12.8919,43.8305,-18.6608,0.595358,-0.317675,0.0317435,0.675556,0,80,1
17.8629,-0.426605,0,17.868,1.13091,0.5,0,12.9083,3.49876,-0.700754,0.523775,0.0790798,-0.00125361,0.529713,0,81,1
17.8702,-0.428762,0,17.8753,2.7444,0.5,0,12.6172,5.85343,-2.32595,0.50324,0.0795563,-0.000880376,0.509491,0,82,1
17.8775,-0.429862,0,17.8827,3.22518,0.5,0,12.4687,5.1134,-2.85391,0.488832,0.0880207,-0.000498066,0.496694,0,83,1
17.8849,-0.430263,0,17.89,4.93179,0.5,0,12,5.80738,-4.93179,0.481333,0.0945326,0.000146485,0.490529,0,84,1
17.8922,-0.43206,0,17.8974,5.04246,0.5,0,12.0896,8.91912,-5.04246,0.458681,0.0962086,0.00067236,0.468663,0,85,1
17.8955,-0.432235,0,17.9008,5.07546,0.5,0,12.1958,9.59967,-5.07546,0.451579,0.0993182,0.00107852,0.462373,0,86,1
17.6023,-0.438596,0,17.6078,39.3904,0.5,0,12.6082,-27.5156,-39.3904,0.511632,-0.564198,0.00491572,0.76165,0,87,1
17.6021,-0.438789,0,17.6075,40.1486,0.5,0,12.6011,-38.6821,-40.1486,0.506673,-0.564223,0.00500621,0.758347,0,88,1
17.5494,-0.440741,0,17.5549,12.34,0.5,0,12.2521,207.401,-12.3341,0.489821,0.529393,-0.0261489,0.72171,0,89,1
17.5548,-0.443806,0,17.5604,21.6556,0.5,0,12.5863,147.073,-21.6422,0.310245,0.511963,-0.0210322,0.599,0,90,1
17.5475,-0.43932,0,17.553,9.17786,0.5,0,12.1918,226.867,-8.104,0.526705,0.526021,-0.0250028,0.74481,0,91,1
17.3275,-0.437051,0,17.333,20.1919,0.5,0,12.247,53.3713,-20.1919,0.505364,-0.33287,0.0369356,0.606267,0,92,1
17.3316,-0.435062,0,17.337,21.1447,0.5,0,12.6489,41.7329,-21.1447,0.53678,-0.332601,0.0358831,0.632491,0,93,1
17.3202,-0.43917,0,17.3257,28.1356,0.5,0,12.8444,23.9027,-28.1356,0.458621,-0.362697,0.038757,0.58599,0,94,1
17.3174,-0.440741,0,17.323,32.3702,0.5,0,13,23.274,-32.3702,0.400374,-0.36633,0.0430688,0.544382,0,95,1
17.3128,-0.442793,0,17.3185,31.6388,0.5,0,12.7229,25.6203,-31.6388,0.324455,-0.353577,0.0460951,0.482092,0,96,1
17.908,-0.433333,0,17.9133,1.14975,0.5,0,13,10.7065,-0.264475,0.411061,0.096608,0.00186795,0.422265,0,97,1
17.9142,-0.435572,0,17.9195,2.96449,0.5,0,12.6977,7.02393,-1.36322,0.3827,0.102628,0.00130312,0.396224,0,98,1
17.9069,-0.432779,0,17.9121,1.55544,0.5,0,12.9251,11.2916,-0.98273,0.415928,0.097194,0.00192681,0.427138,0,99,1
17.9038,-0.432554,0,17.9091,2.94695,0.5,0,12.7148,10.9089,-2.58925,0.427598,0.0994363,0.00172291,0.439011,0,100,1
17.9215,-0.436412,0,17.9269,4.02172,0.5,0,12.5844,2.06429,-3.99813,0.363545,0.10343,0.000429245,0.377972,0,101,1
17.9289,-0.437257,0,17.9342,5.73598,0.5,0,12.4703,-1.16573,-5.73598,0.35622,0.0962531,0.000266964,0.368996,0,102,1
17.9362,-0.437706,0,17.9415,10.2342,0.5,0,12,-11.8851,-10.2342,0.361441,0.0815715,0.00124045,0.370534,0,103,1
17.9435,-0.438142,0,17.9489,11.5959,0.5,0,12,-14.5717,-11.5959,0.361676,0.0665577,0.000908221,0.36775,0,104,1
17.9509,-0.439009,0,17.9562,12.2198,0.5,0,12.1166,-12.4065,-12.2198,0.359308,0.0540972,0.000817502,0.363359,0,105,1
17.227,-0.433333,0,17.2324,18.2812,0.5,0,13,25.9155,-18.2812,0.501276,0.345571,-0.0283559,0.609509,0,106,1
17.2321,-0.436372,0,17.2377,23.2208,0.5,0,12.5897,-18.4408,-23.2208,0.374844,0.335547,-0.0188661,0.503444,0,107,1
17.2248,-0.43155,0,17.2302,14.3074,0.5,0,13,50.4843,-14.3074,0.541492,0.351129,-0.0323192,0.646181,0,108,1
17.2185,-0.425926,0,17.2238,10.9805,0.5,0,12.1372,63.2994,-10.9805,0.643066,0.346801,-0.0327227,0.731352,0,109,1
17.2387,-0.440741,0,17.2443,25.0136,0.5,0,12.8922,-36.6355,-25.0136,0.320767,0.310391,-0.0159617,0.446641,0,110,1
17.2395,-0.441554,0,17.2451,25.3136,0.5,0,12.8902,-42.1291,-25.3136,0.29731,0.307006,-0.0137214,0.427591,0,111,1
17.9582,-0.440027,0,17.9636,14.5339,0.5,0,12,-19.9562,-14.5339,0.354331,0.0447893,-0.000269189,0.35715,0,112,1
17.5954,-0.442575,0,17.601,59.0958,0.5,0,12.5385,-467.201,-59.0958,0.323625,-0.527689,0.00729364,0.619066,0,113,1
17.5957,-0.442506,0,17.6013,57.7423,0.5,0,12.5156,-438.24,-57.7423,0.3319,-0.529242,0.00703133,0.624743,0,114,1
17.5915,-0.444142,0,17.5971,69.9102,0.5,0,12.5408,-783.127,-69.9102,0.216355,-0.485033,0.0087058,0.531171,0,115,1
17.5842,-0.44736,0,17.5899,100.016,0.5,0,13,-2305.48,-100.016,0.0267866,-0.261737,0.00553836,0.263162,0,116,1
17.5768,-0.446896,0,17.5825,95.0083,0.5,0,12.8309,-2198.21,-95.0083,0.0322423,0.0285537,-0.000458574,0.0430708,0,117,1
17.5695,-0.445606,0,17.5752,75.7203,0.5,0,12.6569,-1208.92,-75.7203,0.146914,0.300748,-0.00664837,0.33478,0,118,1
17.5622,-0.446219,0,17.5678,43.148,0.5,0,12.2604,-244.27,-43.148,0.206324,0.432005,-0.0128362,0.478919,0,119,1
17.3055,-0.444251,0,17.3112,38.1281,0.5,0,12.5261,-73.7322,-38.1281,0.285878,-0.338566,0.0468553,0.445588,0,120,1
17.2982,-0.446349,0,17.3039,41.7601,0.5,0,12.5,-161.89,-41.7601,0.237884,-0.305807,0.0435215,0.389873,0,121,1
17.2945,-0.44718,0,17.3003,45.4345,0.5,0,12.4835,-239.041,-45.4345,0.192087,-0.279898,0.0442781,0.342346,0,122,1
17.2942,-0.447358,0,17.3,45.895,0.5,0,12.4835,-246.951,-45.895,0.186601,-0.276752,0.0444119,0.336725,0,123,1
17.2468,-0.444108,0,17.2525,36.124,0.5,0,12.5454,-238.927,-36.124,0.162485,0.268153,0.00387267,0.313564,0,124,1
17.2541,-0.446273,0,17.2599,47.1341,0.5,0,13,-302.917,-47.1341,0.156618,0.198049,0.00522566,0.252547,0,125,1
17.2615,-0.447568,0,17.2673,63.2813,0.5,0,12.9217,-777.38,-63.2813,0.0768862,0.099915,0.0197784,0.127615,0,126,1
17.9637,-0.440741,0,17.9691,16.351,0.5,0,12,-33.2512,-16.351,0.347658,0.0305102,-0.00150336,0.348998,0,127,1
17.2175,-0.424954,0,17.2227,10.6924,0.5,0,12.1313,66.4839,-10.6924,0.659244,0.348338,-0.0334689,0.746366,0,128,1
17.2101,-0.420432,0,17.2153,4.31025,0.5,0,12.7417,96.8044,-3.10636,0.743881,0.320623,-0.0419029,0.811119,0,129,1
17.2872,-0.4492,0,17.293,50.7823,0.5,0,12.6496,-374.908,-50.7823,0.0818682,-0.212974,0.0456063,0.232681,0,130,1
17.2877,-0.449148,0,17.2935,50.2039,0.5,0,12.5978,-364.072,-50.2039,0.0914304,-0.217285,0.045412,0.240072,0,131,1
17.2835,-0.449901,0,17.2893,52.4834,0.5,0,12.7634,-436.689,-52.4834,0.0258194,-0.175154,0.0457743,0.182869,0,132,1
17.2761,-0.450634,0,17.282,47.7817,0.5,0,12.3456,-396.532,-47.7817,0.0352246,-0.0925979,0.0372305,0.105836,0,133,1
17.2688,-0.450053,0,17.2747,55.2328,0.5,0,12.7428,-550.043,-55.2328,-0.0133883,-0.0051927,0.0319931,0.0350681,0,134,1
17.2631,-0.448148,0,17.2689,65.065,0.5,0,13,-783.64,-65.065,0.0465395,0.0767832,0.0235282,0.0928179,0,135,1
17.2084,-0.418519,0,17.2134,3.49759,0.5,0,12.7557,94.4462,-2.26724,0.780119,0.312112,-0.0435578,0.841366,0,136,1
17.2028,-0.411933,0,17.2077,2.04124,0.5,0,12.8891,99.1584,-0.356263,0.851858,0.314188,-0.0546479,0.909595,0,137,1
17.2011,-0.411111,0,17.206,1.69461,0.5,0,12.7684,94.015,-0.231934,0.870669,0.310564,-0.0573456,0.926176,0,138,1
17.1981,-0.407427,-4.33681e-19,17.2029,3.75864,0.5,0,12.8434,75.9399,2.55228,0.917283,0.302804,-0.0637999,0.968074,0,139,1
17.1975,-0.406747,-4.33681e-19,17.2023,4.05745,0.5,0,12.8575,72.8739,2.95743,0.926906,0.302175,-0.0648976,0.977075,0,140,1
17.1952,-0.403704,0,17.2,5.42537,0.5,0,12.966,60.4505,5.20498,0.964179,0.297128,-0.0699142,1.01134,0,141,1
17.1955,-0.404265,0,17.2002,5.38558,0.5,0,12.9242,61.2947,4.86244,0.958682,0.297448,-0.0691899,1.00615,0,142,1
17.1923,-0.400206,-4.33681e-19,17.197,5.12502,0.5,0,12.9846,66.781,4.84104,0.995879,0.302193,-0.07467,1.04339,0,143,1
17.193,-0.40105,-4.33681e-19,17.1977,5.05161,0.5,0,12.9747,65.5747,4.73422,0.988187,0.300741,-0.07346,1.03555,0,144,1
17.189,-0.396296,0,17.1936,4.42933,0.5,0,13,75.0665,4.0308,1.0314,0.307693,-0.079912,1.07928,0,145,1
17.1881,-0.395242,0,17.1927,4.58453,0.5,0,13,74.1097,4.58453,1.04237,0.307252,-0.0819109,1.0898,0,146,1
17.1834,-0.388889,0,17.1878,4.22861,0.5,0,12.6308,48.2462,4.17342,1.09991,0.296307,-0.0877591,1.14249,0,147,1
17.9802,-0.439001,0,17.9856,19.432,0.5,0,12.2821,-50.9095,-19.432,0.358508,-0.0230489,-0.00170057,0.359253,0,148,1
17.9875,-0.439882,0,17.9929,18.9595,0.5,0,12,-47.6054,-18.9595,0.350371,-0.046545,-0.00276041,0.35346,0,149,1
17.9949,-0.439313,0,18.0002,18.8472,0.5,0,12,-41.0407,-18.8472,0.362571,-0.0682221,-0.00316812,0.368947,0,150,1
17.9765,-0.439529,0,17.9819,19.2627,0.5,0,12.2639,-51.1066,-19.2627,0.353408,-0.0104836,-0.00268721,0.353573,0,151,1
17.9757,-0.439195,0,17.9811,19.4363,0.5,0,12.3286,-52.1111,-19.4363,0.355905,-0.007347,-0.0026944,0.355991,0,152,1
17.9729,-0.439493,0,17.9783,19.4065,0.5,0,12.3315,-52.8217,-19.4065,0.352958,0.00248018,-0.00364094,0.352985,0,153,1
17.9703,-0.440741,0,17.9757,18.1995,0.5,0,12.1449,-45.1134,-18.1995,0.344755,0.0115171,-0.0029073,0.344959,0,154,1
17.1808,-0.385099,0,17.1851,3.55399,0.5,0,12.2025,40.0991,3.51127,1.12667,0.302148,-0.0919056,1.17009,0,155,1
17.1775,-0.381481,0,17.1817,2.8622,0.5,0,12,30.8593,2.63987,1.14668,0.296056,-0.0939997,1.18801,0,156,1
18.0022,-0.437824,0,18.0075,17.3415,0.5,0,12,-30.0932,-17.3415,0.390979,-0.087067,-0.00332925,0.40057,0,157,1
17.1755,-0.378109,4.33681e-19,17.1796,3.55293,0.5,0,12.454,28.1613,3.4251,1.16706,0.296936,-0.0960521,1.20807,0,158,1
17.1748,-0.37729,4.33681e-19,17.179,3.56744,0.5,0,12.5645,28.2649,3.45,1.17226,0.296192,-0.0963695,1.21293,0,159,1
17.1728,-0.374074,0,17.1769,3.72548,0.5,0,12.9138,26.5421,3.6521,1.19239,0.298626,-0.0970411,1.23304,0,160,1
17.1735,-0.37514,0,17.1776,3.93222,0.5,0,12.8561,26.9615,3.87362,1.18537,0.296258,-0.0975839,1.22572,0,161,1
18.0095,-0.436916,0,18.0148,19.3938,0.5,0,12.5164,-22.2796,-19.3938,0.398256,-0.104734,-0.00464195,0.411824,0,162,1
17.1705,-0.370401,4.33681e-19,17.1745,2.40595,0.5,0,12.6,23.555,2.29105,1.21431,0.30497,-0.0924268,1.25542,0,163,1
17.1712,-0.371567,4.33681e-19,17.1752,2.69195,0.5,0,12.6909,24.799,2.57736,1.20751,0.302621,-0.0937819,1.24838,0,164,1
17.168,-0.366667,0,17.1719,0.683077,0.5,0,12.2556,21.3815,0.492869,1.23708,0.31051,-0.0874151,1.27845,0,165,1
17.1661,-0.36376,0,17.17,0.998691,0.5,0,12.2155,18.862,0.819463,1.25337,0.315703,-0.0836526,1.29522,0,166,1
17.1621,-0.359259,0,17.1659,1.23913,0.5,0,12.2526,17.7211,0.704776,1.27427,0.318156,-0.0739908,1.31547,0,167,1
18.0169,-0.436663,0,18.0222,18.4889,0.5,0,12.5504,-16.4181,-18.4889,0.407388,-0.115697,-0.00444469,0.423522,0,168,1
17.1616,-0.351852,0,17.1652,1.47195,0.5,0,12.6143,16.8637,0.593101,1.3046,0.34208,-0.0620617,1.35013,0,169,1
17.1588,-0.348263,0,17.1623,1.46711,0.5,0,12.5155,15.3085,0.409075,1.32488,0.342482,-0.0527644,1.36945,0,170,1
17.154,-0.344444,0,17.1575,0.871452,0.5,0,12,12.5744,0.105834,1.34822,0.3387,-0.0400715,1.39069,0,171,1
17.1515,-0.339939,0,17.1548,0.625187,0.5,0,12,12.6391,0.619355,1.36625,0.337675,-0.0328538,1.40775,0,172,1
17.1497,-0.337037,0,17.153,0.721461,0.5,0,12,12.309,0.720408,1.3782,0.336164,-0.0284238,1.41889,0,173,1
17.1588,0.343188,0,17.1622,2.03618,0.5,0,12.1696,13.2401,-2.03587,1.34806,-0.308696,-0.0265841,1.3832,0,174,1
17.1542,0.337037,0,17.1575,1.61206,0.5,0,12.3737,10.9278,-1.59802,1.36812,-0.303234,-0.0161337,1.40141,0,175,1
17.153,0.32963,0,17.1561,2.24493,0.5,0,12.7957,10.1588,-2.13917,1.39139,-0.310608,-0.0127872,1.42569,0,176,1
17.1661,0.354528,0,17.1698,2.79591,0.5,0,12,16.9417,-2.78528,1.31233,-0.304406,-0.0460367,1.34796,0,177,1
17.1645,0.351852,0,17.1681,2.57342,0.5,0,12,15.7785,-2.56268,1.32126,-0.307011,-0.0413375,1.35709,0,178,1
17.1688,0.359259,0,17.1726,2.57159,0.5,0,12,17.4921,-2.55292,1.29665,-0.302514,-0.0523578,1.3325,0,179,1
17.1735,0.36398,0,17.1773,3.83753,0.5,0,12.6373,21.5053,-3.83753,1.27371,-0.304214,-0.0624379,1.31103,0,180,1
17.1598,0.344444,0,17.1633,1.90609,0.5,0,12,13.1895,-1.90578,1.34457,-0.310766,-0.0291165,1.38032,0,181,1
17.1452,-0.32963,0,17.1483,0.889242,0.5,0,12,13.2671,0.76173,1.40699,0.326113,-0.0205105,1.44444,0,182,1
17.1441,-0.328313,0,17.1473,0.835508,0.5,0,12,13.4982,0.828105,1.41284,0.323081,-0.0193185,1.44944,0,183,1
17.1403,-0.322222,0,17.1433,0.797336,0.5,0,12,14.4312,0.775078,1.43911,0.308795,-0.0162521,1.47196,0,184,1
17.1441,0.318678,0,17.1471,1.30132,0.5,0,12.368,14.7408,-1.29135,1.43219,-0.286628,-0.00874687,1.46062,0,185,1
17.1414,0.314815,0,17.1443,1.12349,0.5,0,12.2847,16.1398,-1.10709,1.44371,-0.272793,-0.00928736,1.46929,0,186,1
17.147,0.322222,0,17.1501,1.23567,0.5,0,12.2778,12.9551,-1.23549,1.42236,-0.299993,-0.00935785,1.45368,0,187,1
17.1515,0.327737,0,17.1546,2.21696,0.5,0,12.7445,10.6316,-2.21692,1.39891,-0.307054,-0.0110934,1.43226,0,188,1
17.1753,0.366667,0,17.1792,4.00637,0.5,0,13,24.8651,-4.00637,1.25966,-0.298212,-0.0658968,1.29616,0,189,1
17.1786,0.374074,0,17.1826,3.74399,0.5,0,12.694,30.7164,-3.54372,1.22517,-0.275196,-0.0672256,1.2575,0,190,1
18.0242,-0.436458,0,18.0295,16.1248,0.5,0,12.5781,-4.63973,-16.1248,0.41233,-0.124818,-0.00471775,0.430834,0,191,1
17.4591,-0.411111,1.0842e-19,17.464,17.8338,0.5,0,12.5502,-48.1933,17.8338,0.855353,-0.00918719,-0.00921023,0.855452,0,192,1
17.4595,-0.411377,1.0842e-19,17.4643,17.4045,0.5,0,12.5,-46.8678,17.3645,0.857202,-0.00754555,-0.00914447,0.857284,0,193,1
17.4631,-0.412322,0,17.468,17.2158,0.5,0,12.4606,-48.8264,17.0518,0.867868,0.00458919,-0.00937039,0.86793,0,194,1
17.456,-0.409787,0,17.4608,16.5906,0.5,0,12.6028,-43.5917,16.5906,0.850536,-0.0199274,-0.0102764,0.850832,0,195,1
17.448,-0.409363,0,17.4528,13.8299,0.5,0,12.5123,-33.4275,13.8299,0.850887,-0.0482698,-0.0120924,0.852341,0,196,1
17.4448,-0.410279,0,17.4497,12.6409,0.5,0,12.3876,-27.2672,12.6409,0.85419,-0.0595264,-0.0122166,0.856349,0,197,1
17.6463,-0.417157,0,17.6513,17.9059,0.5,0,12.7222,-69.2341,17.9059,0.772557,-0.13101,-0.00581993,0.783608,0,198,1
17.6428,-0.418401,0,17.6478,16.6763,0.5,0,12.4841,-56.8582,16.6763,0.782295,-0.16887,-0.00479111,0.800328,0,199,1
17.4949,-0.418519,0,17.5,22.9344,0.5,0,12.6665,-53.2034,22.9344,0.864395,0.165916,-0.0143159,0.88029,0,200,1
17.4962,-0.419231,0,17.5012,21.6257,0.5,0,12.5,-52.0983,21.3799,0.863106,0.171562,-0.0144253,0.88011,0,201,1
17.4989,-0.42065,0,17.5039,20.3601,0.5,0,12.3891,-43.0616,19.7859,0.863376,0.181215,-0.0156277,0.882327,0,202,1
17.4926,-0.417693,0,17.4976,22.9339,0.5,0,12.7927,-53.1893,22.9339,0.866897,0.153214,-0.0136997,0.880439,0,203,1
17.3806,-0.418519,-4.33681e-19,17.3856,6.64209,0.5,0,12.7417,18.6484,-6.64209,0.772839,-0.203761,0.0159083,0.799408,0,204,1
17.3788,-0.419489,-4.33681e-19,17.3839,7.20564,0.5,0,12.5,18.7752,-7.20564,0.762758,-0.206608,0.016843,0.790424,0,205,1
17.6393,-0.419974,0,17.6443,13.2368,0.5,0,12.5497,-22.1532,13.2006,0.780214,-0.201121,-0.00386534,0.805728,0,206,1
17.6427,-0.418519,0,17.6476,16.6204,0.5,0,12.5,-56.4531,16.6204,0.783616,-0.171097,-0.00477293,0.802092,0,207,1
17.3381,-0.432142,0,17.3435,18.8418,0.5,0,12.8919,43.169,-18.8418,0.593844,-0.318583,0.0319026,0.674658,0,208,1
17.3351,-0.433333,0,17.3405,21.9448,0.5,0,13,33.2652,-21.9448,0.564827,-0.332552,0.0348459,0.65638,0,209,1
17.3318,-0.434953,0,17.3373,21.0958,0.5,0,12.6636,41.4433,-21.0958,0.539057,-0.33241,0.0357701,0.634317,0,210,1
17.3348,-0.433466,0,17.3402,22.0617,0.5,0,12.9821,32.3944,-22.0617,0.561304,-0.333192,0.0351247,0.653692,0,211,1
17.8961,-0.432098,0,17.9014,5.06247,0.5,0,12.2457,9.55427,-5.06247,0.450732,0.0996783,0.00111526,0.461624,0,212,1
17.8995,-0.432442,0,17.9048,5.02077,0.5,0,12.3797,10.1782,-5.02077,0.442481,0.102441,0.00168683,0.454188,0,213,1
17.9032,-0.432362,0,17.9085,3.2342,0.5,0,12.6889,10.8651,-2.90345,0.430556,0.100167,0.00161635,0.442057,0,214,1
17.5992,-0.440741,0,17.6047,49.1988,0.5,0,12.5456,-171.388,-49.1988,0.436338,-0.570436,0.00559962,0.718206,0,215,1
17.5988,-0.44111,0,17.6044,48.9182,0.5,0,12.5,-171.702,-48.9182,0.421437,-0.565901,0.00570736,0.70561,0,216,1
17.2915,-0.448148,0,17.2973,48.9925,0.5,0,12.5,-305.484,-48.9925,0.149022,-0.257276,0.0452358,0.300741,0,217,1
17.2908,-0.448527,0,17.2966,48.6371,0.5,0,12.5,-308.292,-48.6371,0.140513,-0.250043,0.0451094,0.290345,0,218,1
17.9655,-0.441009,0,17.971,16.7103,0.5,0,12,-36.8149,-16.7103,0.34422,0.026108,-0.0020823,0.345215,0,219,1
17.9683,-0.441012,0,17.9737,17.3135,0.5,0,12.0583,-40.4619,-17.3135,0.343127,0.0174353,-0.0024296,0.343578,0,220,1
17.9683,-0.441068,0,17.9737,17.2159,0.5,0,12.0479,-39.9852,-17.2159,0.34272,0.0176041,-0.00238566,0.34318,0,221,1
17.1808,0.378059,0,17.185,2.96646,0.5,0,12.462,35.8599,-2.89946,1.20318,-0.278307,-0.0663503,1.23673,0,222,1
17.1368,-0.3167,0,17.1397,0.839347,0.5,0,12.3098,17.7892,0.298442,1.45761,0.293113,-0.0161372,1.48687,0,223,1
17.1356,-0.314815,0,17.1385,0.778344,0.5,0,12.3687,18.8209,0.134445,1.46393,0.287703,-0.0165916,1.49202,0,224,1
17.1382,0.307407,0,17.141,1.85191,0.5,0,12,16.332,-1.85191,1.47304,-0.261077,-0.0114948,1.49604,0,225,1
17.1368,0.306139,0,17.1395,2.05701,0.5,0,12.1712,17.3471,-2.05701,1.47733,-0.252036,-0.0122232,1.49873,0,226,1
17.1329,0.3,0,17.1355,2.22822,0.5,0,12.4681,19.3854,-2.22822,1.496,-0.225778,-0.0157804,1.51303,0,227,1
18.0316,-0.435763,0,18.0368,13.9795,0.5,0,12.672,3.99238,-13.9795,0.427565,-0.12463,-0.00510163,0.445388,0,228,1
17.1833,0.381481,0,17.1875,1.58257,0.5,0,12.3352,44.0716,-1.49683,1.17477,-0.277139,-0.0633564,1.20868,0,229,1
17.1881,0.386249,0,17.1925,2.14994,0.5,0,13,72.1758,-2.14773,1.12293,-0.285076,-0.0551634,1.15986,0,230,1
17.1325,-0.307407,0,17.1353,1.04639,0.5,0,12.2454,18.9431,1.04639,1.49845,0.274857,-0.0201741,1.52358,0,231,1
17.1295,-0.303983,0,17.1322,1.53756,0.5,0,12.6592,20.8255,1.53756,1.50882,0.254832,-0.0225781,1.53036,0,232,1
17.1267,-0.3,0,17.1293,1.56136,0.5,0,12.6216,21.31,1.56136,1.51995,0.235701,-0.0257833,1.53833,0,233,1
17.1295,0.292722,0,17.132,2.64411,0.5,0,12,18.3009,-2.64411,1.52191,-0.206115,-0.0196783,1.53593,0,234,1
17.1293,0.292593,0,17.1318,2.64598,0.5,0,12,18.2966,-2.64598,1.52234,-0.205388,-0.0197934,1.53626,0,235,1
17.1309,0.29558,0,17.1334,2.47243,0.5,0,12.1787,18.7081,-2.47243,1.51174,-0.214151,-0.0181224,1.52694,0,236,1
17.131,0.295887,0,17.1336,2.45927,0.5,0,12.1995,18.7358,-2.45927,1.51061,-0.215027,-0.017958,1.52594,0,237,1
17.1273,0.28966,0,17.1298,2.47728,0.5,0,12,19.0503,-2.47728,1.5296,-0.194164,-0.0216198,1.54203,0,238,1
18.0389,-0.433462,0,18.0441,14.2261,0.5,0,12.9826,1.71564,-14.2261,0.468831,-0.133082,-0.00479808,0.487376,0,239,1
17.1902,0.388889,0,17.1946,2.32041,0.5,0,13,78.7359,-2.32041,1.0942,-0.285025,-0.0523696,1.13193,0,240,1
17.1955,0.396109,0,17.2,3.71681,0.5,0,12.509,72.8595,-3.66182,1.02435,-0.28868,-0.0442229,1.06517,0,241,1
17.1236,-0.292593,0,17.1261,2.11839,0.5,0,12,19.1851,2.11839,1.55086,0.222364,-0.0299893,1.56701,0,242,1
17.1271,0.289322,0,17.1295,2.45799,0.5,0,12,19.1321,-2.45799,1.53045,-0.192899,-0.0218283,1.54271,0,243,1
17.1242,0.285185,0,17.1266,2.22492,0.5,0,12,20.1913,-2.22492,1.54075,-0.177042,-0.0243925,1.55108,0,244,1
17.1221,0.282171,0,17.1245,2.04107,0.5,0,12,21.428,-2.04107,1.55172,-0.162419,-0.0266705,1.56042,0,245,1
17.1191,0.277778,0,17.1213,1.71336,0.5,0,12,22.3578,-1.71336,1.56668,-0.144534,-0.0295057,1.57361,0,246,1
17.1221,-0.291351,0,17.1246,2.20652,0.5,0,12.1676,20.0931,2.20652,1.55432,0.211229,-0.0316576,1.56892,0,247,1
17.1177,-0.285185,0,17.1201,1.98349,0.5,0,12.7053,21.8146,1.98349,1.57281,0.181944,-0.037208,1.58373,0,248,1
18.0392,-0.433333,0,18.0444,14.2092,0.5,0,13,2.13875,-14.2092,0.470905,-0.133268,-0.00478153,0.489423,0,249,1
17.1957,0.396296,0,17.2002,3.73046,0.5,0,12.5,72.5845,-3.61911,1.02264,-0.289626,-0.0439213,1.06377,0,250,1
17.2015,0.403704,0,17.2063,5.51597,0.5,0,12.8257,73.518,-4.79883,0.958156,-0.307078,-0.0390098,1.00692,0,251,1
17.1148,-0.279664,0,17.1171,1.72654,0.5,0,12.1431,23.6697,1.72654,1.59454,0.161605,-0.0407827,1.60322,0,252,1
17.113,-0.277778,0,17.1152,1.64265,0.5,0,12,23.9082,1.64265,1.5995,0.150559,-0.0422354,1.60712,0,253,1
17.1148,0.271787,0,17.117,1.24828,0.5,0,12,23.9544,-1.24503,1.58617,-0.115221,-0.0331158,1.59069,0,254,1
17.1139,0.27037,0,17.116,1.23241,0.5,0,11.9498,24.2417,-1.22782,1.58917,-0.107172,-0.0337512,1.59313,0,255,1
18.0462,-0.431223,0,18.0514,9.86436,0.5,0,12.7151,12.0532,-9.86436,0.5029,-0.12613,-0.00391681,0.518491,0,256,1
18.0536,-0.432375,0,18.0587,6.54598,0.5,0,12,9.34824,-6.54598,0.511971,-0.115809,-0.00315181,0.524915,0,257,1
17.2028,0.404813,0,17.2076,5.95816,0.5,0,12.8502,77.5698,-4.22457,0.93993,-0.312877,-0.0384563,0.991383,0,258,1
17.1089,0.00740741,0,17.1089,4.70109,0.5,0,12.8106,-8.55507,-4.66771,0.585302,0.00155899,0.00581663,0.585333,0,259,1
17.1082,-0.27037,0,17.1103,1.01419,0.5,0,12,25.4645,1.01342,1.62065,0.120458,-0.0449619,1.62574,0,260,1
17.1075,-0.269369,0,17.1096,0.945942,0.5,0,12,25.6216,0.943668,1.62433,0.114634,-0.0450785,1.62899,0,261,1
17.103,-0.262963,0,17.1051,0.686746,0.5,0,12,26.6659,0.66525,1.64669,0.0846925,-0.0446973,1.64947,0,262,1
17.1082,0.262963,0,17.1103,0.493821,0.5,0,12,24.764,-0.37828,1.61697,-0.0704791,-0.0360835,1.6189,0,263,1
17.1075,0.262169,0,17.1095,0.411599,0.5,0,12.0572,24.9679,-0.26216,1.61951,-0.064543,-0.0362814,1.62121,0,264,1
17.1042,0.255556,0,17.1061,1.11871,0.5,0,12.6436,26.6481,-0.0256876,1.64231,-0.0344764,-0.0352465,1.64305,0,265,1
17.1075,0.0106181,0,17.1075,5.15015,0.5,0,12.5666,-8.17405,-5.15015,0.593421,0.00267953,0.00510369,0.593449,0,266,1
17.1078,0.0037037,-1.0842e-19,17.1078,2.806,0.5,0,12.4578,-2.56843,-2.59224,0.585937,-0.000150614,0.00718688,0.585981,0,267,1
17.1073,0.0111111,0,17.1073,5.07643,0.5,0,12.5,-7.58486,-5.07643,0.595802,0.0030856,0.00513832,0.595832,0,268,1
17.1068,0.0147943,0,17.1068,5.55088,0.5,0,12.6445,-6.06687,-5.55088,0.608064,0.00405337,0.00579607,0.608105,0,269,1
17.1075,0.00262896,-1.0842e-19,17.1075,2.65159,0.5,0,12.3549,-1.9511,-1.75783,0.5869,-0.000323376,0.00733243,0.586946,0,270,1
17.107,-0.000515784,0,17.107,2.2771,0.5,0,12.1219,-0.0714216,0.419514,0.591063,-0.00135852,0.00669824,0.591103,0,271,1
17.107,-0.000579669,0,17.107,2.25853,0.5,0,12.1132,0.00900244,0.472219,0.591242,-0.00142312,0.0067093,0.591282,0,272,1
18.0609,-0.430794,0,18.066,5.26132,0.5,0,12,8.86674,-5.26132,0.525083,-0.106471,-0.00261131,0.535775,0,273,1
17.6869,0.410415,0,17.6916,27.2193,0.5,0,12.906,-133.995,-27.2193,0.757338,-0.122032,-0.00373913,0.767115,0,274,1
17.6795,0.410524,0,17.6843,29.0729,0.5,0,12.9207,-153.561,-29.0729,0.769309,-0.0702076,-0.00449877,0.772519,0,275,1
17.6921,0.411111,0,17.6969,25.8314,0.5,0,13,-107.663,-25.8314,0.753941,-0.15623,-0.00407662,0.769968,0,276,1
17.6942,0.411401,0,17.699,23.9157,0.5,0,12.9609,-88.0259,-23.5799,0.748945,-0.168212,-0.00384988,0.767612,0,277,1
17.6765,0.411111,0,17.6813,31.2434,0.5,0,13,-180.134,-31.2434,0.779583,-0.0460801,-0.00541602,0.780963,0,278,1
17.6722,0.411918,0,17.677,29.3057,0.5,0,12.891,-179.737,-28.9196,0.785032,-0.013545,-0.00624814,0.785174,0,279,1
17.2064,0.408095,0,17.2112,6.26758,0.5,0,12.5689,73.8177,1.45705,0.893419,-0.316904,-0.0365693,0.948664,0,280,1
17.2095,0.411111,0,17.2144,6.31882,0.5,0,12.406,73.0597,6.31882,0.852109,-0.320074,-0.0349423,0.910911,0,281,1
17.2071,0.408839,0,17.2119,6.17524,0.5,0,12.5632,74.4746,2.60206,0.88363,-0.317274,-0.0361088,0.939558,0,282,1
17.2101,0.411809,0,17.2151,6.71235,0.5,0,12.4058,70.6245,6.71235,0.841406,-0.321549,-0.0345879,0.901418,0,283,1
17.2122,0.414216,0,17.2172,7.2114,0.5,0,12.5396,65.6925,7.2114,0.806056,-0.313588,-0.032878,0.865531,0,284,1
17.1026,-0.0407407,0,17.1026,8.49809,0.5,0,13,19.1494,8.49809,0.59738,0.0240586,0.00719137,0.597908,0,285,1
17.1001,-0.0464442,0,17.1002,13.146,0.5,0,12.23,-1.01824,13.146,0.593491,0.0170564,0.00823939,0.593793,0,286,1
17.104,-0.0333333,0,17.104,5.82555,0.5,0,12.5287,8.69046,5.82555,0.609472,0.00266374,0.00834622,0.609535,0,287,1
17.1048,-0.0259259,0,17.1048,5.6641,0.5,0,12.2921,4.30039,5.6641,0.61656,0.00175818,0.00897645,0.616627,0,288,1
17.099,-0.0481481,0,17.0991,13.2606,0.5,0,12,-4.96673,13.2606,0.594077,0.00333481,0.00885063,0.594152,0,289,1
17.1058,-0.0185185,0,17.1058,6.0032,0.5,0,12.3918,-1.52377,6.0032,0.618661,-0.00430497,0.00932305,0.618746,0,290,1
17.1064,-0.0111111,0,17.1064,4.77796,0.5,0,12,-1.38723,4.77796,0.604507,-0.00312304,0.00730009,0.604559,0,291,1
17.1068,-0.0037037,0,17.1068,2.20333,0.5,0,12,0.710779,2.20333,0.592528,-0.00264803,0.00674797,0.592572,0,292,1
17.1065,0.0185185,0,17.1065,6.21537,0.5,0,12.8734,-5.45153,-6.21537,0.616618,0.00517324,0.00617062,0.616671,0,293,1
17.1068,0.0150363,0,17.1068,5.62607,0.5,0,12.6727,-6.16116,-5.62607,0.608223,0.00412835,0.00583061,0.608265,0,294,1
17.1047,0.0259259,0,17.1047,3.58074,0.5,0,12.6246,8.4423,-3.58074,0.613058,0.00253129,0.00647956,0.613098,0,295,1
17.104,0.0333333,0,17.104,4.9351,0.5,0,12.2463,8.70269,-4.9351,0.608176,-0.00757861,0.00582143,0.608251,0,296,1
17.1029,0.0407407,0,17.1029,6.44682,0.5,0,13,26.6592,-6.36967,0.594082,-0.0251335,0.00526935,0.594636,0,297,1
17.1016,0.0449047,0,17.1016,9.76716,0.5,0,12.6921,12.7477,-9.73733,0.587978,-0.0237614,0.0051207,0.58848,0,298,1
17.1016,0.044657,0,17.1017,9.577,0.5,0,12.6998,13.4581,-9.54548,0.5883,-0.0235941,0.00514549,0.588796,0,299,1
17.1004,0.0481481,4.33681e-19,17.1005,12.3854,0.5,0,12.4659,1.64114,-12.3854,0.582705,-0.0195475,0.0048068,0.583053,0,300,1
17.1001,0.0485447,4.33681e-19,17.1002,12.812,0.5,0,12.5,-0.378616,-12.812,0.581514,-0.0179687,0.00480023,0.581811,0,301,1
17.0984,0.0517795,0,17.0985,13.4807,0.5,0,12.4954,-6.67569,-13.4807,0.582124,0.00101039,0.00731509,0.582171,0,302,1
17.0985,0.0516218,0,17.0986,13.4984,0.5,0,12.5107,-6.50823,-13.4984,0.582098,-0.000203149,0.00727833,0.582144,0,303,1
17.1001,-0.258935,0,17.1021,0.474678,0.5,0,12,27.4604,0.443929,1.6597,0.0610285,-0.0436463,1.66139,0,304,1
17.0977,-0.255556,0,17.0996,0.703039,0.5,0,12,28.5128,0.649865,1.6692,0.0420397,-0.0423171,1.67026,0,305,1
17.1001,0.251242,0,17.102,1.51555,0.5,0,12.4177,25.4639,-0.641664,1.65624,-0.00183123,-0.0325818,1.65656,0,306,1
17.0976,0.248148,0,17.0994,1.57607,0.5,0,12.3452,23.212,-1.53584,1.66216,0.0157027,-0.0311807,1.66252,0,307,1
18.0682,-0.430391,0,18.0733,3.41668,0.5,0,12.3972,8.40649,-3.41668,0.538408,-0.0994547,-0.00183977,0.547519,0,308,1
17.7382,0.417356,0,17.7431,16.8802,0.5,0,13,-48.948,16.8802,0.585145,-0.174852,0.00211549,0.610715,0,309,1
17.7309,0.414749,0,17.7357,10.9337,0.5,0,12.5089,-3.11627,10.9337,0.613711,-0.200395,0.00156173,0.645602,0,310,1
17.7424,0.418519,0,17.7474,17.642,0.5,0,12.4222,-58.0764,17.642,0.569326,-0.139595,0.00265015,0.586196,0,311,1
17.7235,0.414595,0,17.7284,5.63714,0.5,0,12.5297,17.0998,5.58707,0.629787,-0.213326,0.000969926,0.664937,0,312,1
17.7162,0.414424,0,17.721,5.14156,0.5,0,12.5528,24.6422,-0.145692,0.659191,-0.208459,-0.000408259,0.691367,0,313,1
17.7089,0.414092,0,17.7137,7.90678,0.5,0,12.5976,22.101,-4.01367,0.693644,-0.199757,-0.00157982,0.721836,0,314,1
17.7015,0.412931,0,17.7063,14.9353,0.5,0,12.7543,-13.8387,-12.7316,0.724717,-0.192146,-0.00302739,0.749763,0,315,1
17.6649,0.413662,0,17.6697,21.1229,0.5,0,12.6557,-110.843,-20.9239,0.788613,0.0448901,-0.00724031,0.789923,0,316,1
17.6575,0.41442,0,17.6624,16.8398,0.5,0,12.5532,-51.4516,-16.778,0.778395,0.0954143,-0.0072553,0.784255,0,317,1
17.6502,0.4166,0,17.6551,21.7104,0.5,0,13,-105.149,-21.7104,0.787895,0.17364,-0.00561972,0.806822,0,318,1
17.6462,0.418519,0,17.6512,15.3548,0.5,0,12.4565,-46.122,-15.3548,0.799829,0.223891,-0.00436744,0.830585,0,319,1
17.4888,0.416764,0,17.4938,20.6359,0.5,0,13,-47.1245,-20.6359,0.856283,-0.0888484,-0.0122921,0.860968,0,320,1
17.4815,0.415906,0,17.4864,15.3477,0.5,0,12,-48.4279,-15.1348,0.865131,-0.0587923,-0.00978459,0.867182,0,321,1
17.4936,0.418519,0,17.4986,19.55,0.5,0,12.3563,-45.0977,-19.55,0.845391,-0.115946,-0.0135828,0.853413,0,322,1
17.4962,0.419764,0,17.5012,17.0038,0.5,0,12,-37.9937,-16.5483,0.842898,-0.127126,-0.0140548,0.852546,0,323,1
17.4742,0.415245,0,17.4791,15.0259,0.5,0,12.2016,-48.7582,-14.778,0.876526,-0.0271417,-0.00965835,0.877,0,324,1
17.4668,0.414256,0,17.4717,11.8914,0.5,0,12,-23.9611,-11.476,0.857573,-0.00481031,-0.00768061,0.857621,0,325,1
17.4595,0.414265,0,17.4644,13.2453,0.5,0,12.5743,-24.113,-12.8161,0.879071,0.011288,-0.00577929,0.879163,0,326,1
17.4522,0.413661,0,17.4571,11.671,0.5,0,12.3473,-29.189,-11.3773,0.854683,0.0329606,-0.0055834,0.855336,0,327,1
17.4448,0.413531,0,17.4497,10.3962,0.5,0,12.3423,-20.8055,-10.1345,0.846184,0.0616389,-0.00534372,0.848443,0,328,1
17.4375,0.413551,0,17.4424,6.71298,0.5,0,12,-5.7718,-6.43995,0.836181,0.0801937,-0.00561387,0.840036,0,329,1
17.4302,0.413931,0,17.4351,5.18325,0.5,0,12.2989,-0.967209,-4.86544,0.838688,0.0975024,-0.00274262,0.844341,0,330,1
17.4228,0.414558,0,17.4278,3.20482,0.5,0,12.2499,4.24583,-2.84206,0.832821,0.112727,0.000215876,0.840415,0,331,1
17.4155,0.414933,0,17.4204,1.38689,0.5,0,12,9.06998,-0.949356,0.822525,0.133085,0.00224463,0.833225,0,332,1
17.4082,0.415916,0,17.4131,0.714967,0.5,0,12,12.3405,0.566341,0.812034,0.14899,0.00442941,0.825601,0,333,1
17.4008,0.416714,0,17.4058,1.61248,0.5,0,13,17.6859,1.61248,0.795217,0.168946,0.00638304,0.81299,0,334,1
17.3972,0.417408,0,17.4022,3.1966,0.5,0,12.7277,18.2595,3.1966,0.787374,0.179882,0.00675608,0.807689,0,335,1
17.3969,0.417412,0,17.4019,3.28669,0.5,0,12.7196,18.2785,3.28669,0.787012,0.1806,0.00676352,0.807496,0,336,1
17.2159,0.418519,0,17.221,7.99214,0.5,0,12.7833,58.0734,7.99214,0.743728,-0.299868,-0.0302748,0.802477,0,337,1
17.213,0.414917,0,17.218,7.22897,0.5,0,12.5465,63.4146,7.22897,0.795267,-0.311672,-0.0323137,0.854771,0,338,1
17.2175,0.42005,0,17.2226,9.1057,0.5,0,12.7933,49.4328,9.1057,0.710531,-0.298259,-0.027944,0.771099,0,339,1
17.7455,0.419536,0,17.7505,17.402,0.5,0,12,-61.6002,17.402,0.553147,-0.112838,0.00341373,0.564549,0,340,1
17.6428,0.420512,0,17.6479,8.44542,0.5,0,12,25.6703,-8.35028,0.778712,0.254752,-0.00303538,0.819329,0,341,1
17.3935,0.418255,0,17.3985,4.93932,0.5,0,12.4644,18.8877,4.93932,0.777599,0.191141,0.00745119,0.800781,0,342,1
17.393,0.418519,0,17.3981,5.0628,0.5,0,12.4366,19.1136,5.0628,0.776243,0.192035,0.00756038,0.79968,0,343,1
17.3899,0.419838,0,17.395,5.38082,0.5,0,12.3266,22.7942,5.38082,0.761777,0.195054,0.00883531,0.786402,0,344,1
17.3898,0.41992,0,17.3949,5.3902,0.5,0,12.3078,22.924,5.3902,0.761054,0.195176,0.00888774,0.785732,0,345,1
17.0965,-0.0555556,0,17.0966,16.0006,0.5,0,12.2343,-19.2876,16.0006,0.606114,-0.0148584,0.0108192,0.606393,0,346,1
17.0952,-0.062963,0,17.0953,16.2092,0.5,0,12.2469,-3.02685,16.2092,0.611805,-0.00698676,0.00758382,0.611892,0,347,1
17.0928,-0.0669216,0,17.0929,16.9581,0.5,0,12.126,-3.87678,16.9581,0.608608,-0.0183599,0.00867268,0.608946,0,348,1
17.0909,-0.0703704,0,17.091,15.8594,0.5,0,12,-2.27693,15.8594,0.60658,-0.0371064,0.0100339,0.607797,0,349,1
17.0967,0.0555556,0,17.0968,14.3956,0.5,0,12.5277,-12.8451,-14.3956,0.583177,0.0205333,0.00944403,0.583615,0,350,1
17.0966,0.062963,0,17.0967,16.3959,0.5,0,12.4855,-7.17558,-16.3959,0.599743,-0.00356396,0.00802178,0.599808,0,351,1
17.0928,0.0695151,0,17.0929,20.9032,0.5,0,13,-1.50611,-20.9032,0.587037,0.0436974,0.00987942,0.588744,0,352,1
17.092,0.0703704,0,17.0922,19.723,0.5,0,12.8938,1.48137,-19.723,0.585452,0.055576,0.010631,0.58818,0,353,1
17.0928,-0.250109,0,17.0946,2.17649,0.5,0,12.7353,27.7506,-1.72814,1.6884,0.000336433,-0.0389468,1.68885,0,354,1
17.0914,-0.248148,0,17.0932,2.74926,0.5,0,12.8154,27.6871,-1.58036,1.69435,-0.0122272,-0.0377555,1.69482,0,355,1
17.0947,0.240741,0,17.0964,2.94491,0.5,0,12.7357,23.3899,0.508279,1.67222,0.0489627,-0.0279211,1.67317,0,356,1
17.0928,0.238846,0,17.0945,2.17437,0.5,0,13,24.1341,1.47155,1.67498,0.0668511,-0.0279253,1.67655,0,357,1
17.0885,0.233333,0,17.0901,2.84027,0.5,0,12.4099,19.8444,-2.59877,1.68725,0.10734,-0.0260365,1.69086,0,358,1
18.0756,-0.429675,0,18.0807,2.37639,0.5,0,12,6.68297,-2.37639,0.547949,-0.0858767,-0.000896789,0.554638,0,359,1
17.8482,0.424195,0,17.8532,2.44816,0.5,0,12,4.29279,-1.80619,0.54953,-0.056184,-0.00234903,0.5524,0,360,1
17.8409,0.423161,0,17.8459,3.73461,0.5,0,12.1923,1.42294,-3.1321,0.557942,-0.0350035,-0.00253355,0.559045,0,361,1
17.8535,0.425926,0,17.8586,2.1284,0.5,0,12,4.34803,-1.11973,0.541757,-0.0650445,-0.00280812,0.545655,0,362,1
17.8335,0.422575,0,17.8385,4.65859,0.5,0,12.4523,-2.1139,-3.98147,0.566654,-0.00525281,-0.0037689,0.566691,0,363,1
17.8262,0.422213,0,17.8312,2.74307,0.5,0,12.2324,2.52193,-1.91764,0.571348,0.0176416,-0.00318094,0.571629,0,364,1
17.8189,0.422165,0,17.8239,1.99013,0.5,0,12.2342,4.38184,-0.310595,0.571982,0.0368288,-0.00324894,0.573175,0,365,1
17.8115,0.422028,0,17.8165,2.23697,0.5,0,12.5262,6.3728,1.82582,0.568617,0.0524579,-0.00396545,0.571045,0,366,1
17.8042,0.421652,0,17.8092,4.91949,0.5,0,12.577,6.69139,4.91949,0.559677,0.0591522,-0.00405736,0.562809,0,367,1
17.7969,0.42162,0,17.8019,7.79294,0.5,0,12.5813,1.41268,7.79294,0.546379,0.0598796,-0.00315568,0.549659,0,368,1
17.7895,0.42154,0,17.7945,10.7482,0.5,0,12.5921,-10.3933,10.7482,0.531421,0.0528319,-0.00166226,0.534043,0,369,1
17.7822,0.421364,0,17.7872,13.19,0.5,0,12.6159,-21.0127,13.19,0.517109,0.0387974,-0.000305963,0.518562,0,370,1
17.7749,0.421097,0,17.7798,15.7395,0.5,0,12.652,-33.0905,15.7395,0.50767,0.0222131,0.00077483,0.508156,0,371,1
17.7675,0.420697,0,17.7725,18.8161,0.5,0,12.706,-58.9995,18.8161,0.504722,-0.00126467,0.00202951,0.504728,0,372,1
17.7602,0.419908,0,17.7652,21.4706,0.5,0,12.8124,-89.401,21.4706,0.511105,-0.0374018,0.00296284,0.51248,0,373,1
17.7529,0.420509,0,17.7578,16.6832,0.5,0,12,-59.3155,16.6832,0.544026,-0.0766137,0.00350623,0.549406,0,374,1
17.6355,0.421134,0,17.6405,5.90852,0.5,0,12.3531,57.7817,-5.90852,0.773715,0.315114,-0.00166101,0.835425,0,375,1
17.6282,0.423419,0,17.6333,2.84931,0.5,0,12.6616,109.681,0.19058,0.761318,0.390438,-0.000555862,0.855597,0,376,1
17.5182,0.423684,0,17.5233,22.4007,0.5,0,12.6973,-20.0204,-22.4007,0.767429,-0.271542,-0.0184098,0.814261,0,377,1
17.5108,0.424056,0,17.516,17.1177,0.5,0,12.0971,-14.4275,-16.7074,0.813598,-0.207903,-0.0169186,0.839912,0,378,1
17.5212,0.425926,0,17.5264,25.612,0.5,0,13,-17.1166,-25.612,0.771252,-0.27318,-0.0196453,0.81844,0,379,1
17.5255,0.428939,0,17.5308,18.3682,0.5,0,12.5932,33.8489,-16.9143,0.754009,-0.282327,-0.0178677,0.805331,0,380,1
17.5035,0.421627,0,17.5086,18.0433,0.5,0,12.2731,-35.2538,-17.5063,0.838183,-0.158983,-0.0168383,0.853294,0,381,1
17.3862,0.421205,0,17.3913,5.85665,0.5,0,12.3054,27.5131,5.85665,0.743621,0.200132,0.010768,0.770156,0,382,1
17.3788,0.422535,0,17.384,7.74304,0.5,0,12,22.2916,7.74304,0.729666,0.215832,0.0120702,0.761014,0,383,1
17.3715,0.421971,0,17.3766,9.31364,0.5,0,12.4661,31.8271,9.31364,0.726533,0.229362,0.0137165,0.762001,0,384,1
17.3642,0.424652,0,17.3693,14.225,0.5,0,12.828,18.4744,14.225,0.681596,0.253431,0.0187431,0.727428,0,385,1
17.3624,0.425926,0,17.3676,16.2988,0.5,0,13,17.5013,16.2988,0.660708,0.258424,0.0212008,0.709766,0,386,1
17.3568,0.428849,0,17.3621,15.8667,0.5,0,12.6054,23.2845,15.8667,0.605589,0.260696,0.0258446,0.659825,0,387,1
17.2248,0.425165,0,17.2301,9.38888,0.5,0,12.5707,30.2813,9.38888,0.633603,-0.295392,-0.0225116,0.69944,0,388,1
17.2256,0.425926,0,17.2309,8.83599,0.5,0,12.5756,30.9533,8.83599,0.625112,-0.29577,-0.0217133,0.691894,0,389,1
17.2321,0.430558,0,17.2375,13.0076,0.5,0,13,36.2941,13.0076,0.552908,-0.300251,-0.0194254,0.629472,0,390,1
17.8702,0.427579,0,17.8753,2.34065,0.5,0,12.7769,5.50965,0.278557,0.513092,-0.078581,-0.00150203,0.519077,0,391,1
17.8664,0.425926,0,17.8714,1.73613,0.5,0,13,4.2854,-1.73351,0.527002,-0.0776065,-0.00229393,0.53269,0,392,1
17.8629,0.424405,0,17.8679,2.10037,0.5,0,12.7947,3.67377,-1.25543,0.534407,-0.0780843,-0.00260203,0.540087,0,393,1
17.8573,0.425926,0,17.8624,1.91744,0.5,0,12.2393,4.20557,-1.10197,0.537185,-0.0710107,-0.00286553,0.541866,0,394,1
17.8555,0.42651,0,17.8606,2.01041,0.5,0,12,4.97631,-0.383873,0.536602,-0.0683044,-0.00278153,0.540939,0,395,1
17.6254,0.425926,0,17.6306,6.54868,0.5,0,13,135.276,6.29279,0.745684,0.420042,-0.000937523,0.855851,0,396,1
17.6208,0.429852,0,17.6261,12.1503,0.5,0,13,178.459,12.1503,0.689688,0.470799,0.000438863,0.835058,0,397,1
17.0882,-0.0777778,0,17.0884,19.9513,0.5,0,13,18.2645,19.9513,0.596784,-0.0576402,0.0116947,0.599675,0,398,1
17.0855,-0.082867,0,17.0857,21.0646,0.5,0,13,53.494,21.0646,0.57434,-0.070866,0.0132324,0.578847,0,399,1
17.0833,-0.0851852,0,17.0835,19.2853,0.5,0,12.7048,50.1913,19.2853,0.566367,-0.101593,0.0146279,0.575592,0,400,1
17.0888,0.0777778,0,17.089,19.8308,0.5,0,13,29.7283,-19.8308,0.577987,0.0627192,0.012251,0.581509,0,401,1
17.0868,0.0821969,0,17.087,26.5643,0.5,0,12.9954,-25.9153,-26.5643,0.558647,0.0705562,0.0156419,0.563302,0,402,1
17.0868,0.0821487,0,17.087,26.5036,0.5,0,12.9955,-25.6031,-26.5036,0.558852,0.0704875,0.0156033,0.563496,0,403,1
17.0881,-0.240741,0,17.0898,2.6017,0.5,0,12.6419,25.0863,2.59146,1.71159,-0.0468533,-0.0323058,1.71254,0,404,1
17.0855,-0.23792,0,17.0871,2.65791,0.5,0,12.6193,23.9226,2.64816,1.71382,-0.0712826,-0.0310755,1.71558,0,405,1
17.0823,-0.233333,0,17.0838,3.83071,0.5,0,12.4376,19.4583,3.6365,1.72061,-0.10114,-0.0278111,1.7238,0,406,1
17.0855,0.230131,0,17.087,4.62006,0.5,0,12.4323,14.4895,-4.62006,1.68868,0.13266,-0.02457,1.69406,0,407,1
17.0817,0.225926,0,17.0832,6.85106,0.5,0,12.4892,9.68216,-6.85106,1.6931,0.171865,-0.02414,1.70198,0,408,1
17.0855,0.0851852,0,17.0857,31.2504,0.5,0,12.9993,-64.4305,-31.2504,0.545254,0.0765012,0.0179125,0.550886,0,409,1
17.0855,0.0851923,0,17.0857,31.2541,0.5,0,12.999,-64.4583,-31.2541,0.545249,0.0765451,0.0179141,0.550887,0,410,1
17.0839,0.0882216,0,17.0842,29.0842,0.5,0,12.8717,-47.2192,-29.0842,0.553442,0.0945446,0.0191044,0.561785,0,411,1
17.084,0.0881749,0,17.0842,29.1087,0.5,0,12.8753,-47.1431,-29.1087,0.553333,0.0943691,0.0190876,0.561647,0,412,1
18.0829,-0.429199,0,18.088,1.84769,0.5,0,12,5.15367,-1.19966,0.555246,-0.0753675,-0.000114736,0.560338,0,413,1
17.9028,0.43271,0,17.908,3.72408,0.5,0,12.1803,10.3931,3.12191,0.451243,-0.107466,0.00138276,0.463866,0,414,1
17.8995,0.432745,0,17.9048,4.17855,0.5,0,12,10.2875,4.17855,0.458664,-0.104145,0.000903183,0.47034,0,415,1
17.8922,0.43118,0,17.8974,4.35137,0.5,0,12,6.17926,4.35137,0.475295,-0.098797,0.000279658,0.485455,0,416,1
17.8849,0.430153,0,17.89,3.22333,0.5,0,12.4294,4.21031,2.51966,0.48037,-0.0946495,-0.000205592,0.489606,0,417,1
17.8775,0.42903,0,17.8827,3.82478,0.5,0,12.5809,5.34646,1.04575,0.496014,-0.0849573,-0.000549696,0.503238,0,418,1
17.6145,0.433333,0,17.6199,26.0988,0.5,0,13,178.816,26.0988,0.618653,0.533514,0.00161327,0.816928,0,419,1
17.6135,0.434156,0,17.6189,26.764,0.5,0,12.8889,180.334,26.764,0.589895,0.535845,0.00206361,0.796938,0,420,1
17.5328,0.431849,0,17.5382,13.1092,0.5,0,12.1071,81.9814,-11.492,0.681123,-0.356905,-0.015425,0.769122,0,421,1
17.5368,0.433333,0,17.5422,18.9291,0.5,0,12.5449,99.1524,-18.0124,0.642592,-0.376505,-0.0167826,0.744957,0,422,1
17.5402,0.434455,0,17.5456,21.8315,0.5,0,12.8486,118.674,-19.3741,0.60193,-0.390948,-0.0168925,0.717945,0,423,1
17.3495,0.430634,0,17.3548,17.6245,0.5,0,12.7236,18.749,17.6245,0.589093,0.264132,0.0270129,0.646162,0,424,1
17.3455,0.432047,0,17.3509,19.4779,0.5,0,12.8339,20.2493,19.4779,0.562138,0.276813,0.0285825,0.627249,0,425,1
17.3451,0.432275,0,17.3505,19.7708,0.5,0,12.8653,19.9882,19.7708,0.5589,0.278388,0.0288534,0.625061,0,426,1
17.2359,0.433333,0,17.2414,20.652,0.5,0,12.7579,4.46855,20.652,0.505648,-0.304424,-0.0160153,0.590433,0,427,1
17.2395,0.436703,0,17.245,24.5187,0.5,0,12.3156,-12.4166,24.5187,0.392562,-0.304947,-0.00938461,0.497177,0,428,1
17.9034,0.432571,0,17.9087,3.58419,0.5,0,12.2435,10.3307,2.7712,0.450124,-0.107982,0.00146275,0.462897,0,429,1
17.9069,0.432678,0,17.9121,3.13052,0.5,0,12.4115,10.4679,1.75643,0.442516,-0.111373,0.00206277,0.45632,0,430,1
17.3423,0.433333,0,17.3478,21.2425,0.5,0,12.974,20.5829,21.2425,0.539177,0.287362,0.0300995,0.611715,0,431,1
17.3422,0.433487,0,17.3476,21.2425,0.5,0,12.9792,20.9044,21.2425,0.53683,0.287507,0.0302004,0.60972,0,432,1
18.0462,0.430945,0,18.0514,10.6097,0.5,0,12.6775,11.7139,10.6097,0.505224,0.141978,-0.00403496,0.52481,0,433,1
18.0389,0.433233,0,18.0441,16.9514,0.5,0,12.9864,-12.7662,16.9514,0.469212,0.145016,-0.00512968,0.491138,0,434,1
18.0536,0.431993,0,18.0587,6.74703,0.5,0,12,10.4447,6.74703,0.514937,0.130646,-0.00307498,0.53126,0,435,1
18.0387,0.433333,0,18.0439,17.1101,0.5,0,13,-12.6478,17.1101,0.467564,0.144924,-0.0051845,0.489537,0,436,1
18.0316,0.435787,0,18.0368,15.3794,0.5,0,12.6687,0.459491,15.3794,0.424058,0.131794,-0.00520931,0.444097,0,437,1
17.9111,0.434231,0,17.9163,4.13013,0.5,0,12.4539,9.17055,1.60597,0.425345,-0.113625,0.00203867,0.440265,0,438,1
17.9108,0.434121,0,17.9161,4.02603,0.5,0,12.4688,9.16984,1.49851,0.426632,-0.113436,0.00203716,0.44146,0,439,1
17.9084,0.433333,0,17.9136,3.22177,0.5,0,12.5,10.365,0.935,0.437319,-0.111814,0.00223093,0.451392,0,440,1
17.3394,0.434763,0,17.3448,20.2089,0.5,0,12.7103,32.3809,20.2089,0.516235,0.289418,0.0312409,0.592653,0,441,1
18.0609,0.430524,0,18.066,4.99108,0.5,0,12,10.7244,4.99108,0.528785,0.12058,-0.00210404,0.542363,0,442,1
18.0682,0.429675,0,18.0733,3.15268,0.5,0,12.2371,9.60883,3.14624,0.539946,0.109482,-0.00106801,0.550934,0,443,1
18.0756,0.42989,0,18.0807,2.44408,0.5,0,12.4649,7.56976,1.22009,0.551401,0.0975672,-0.000388668,0.559967,0,444,1
18.0829,0.428551,0,18.088,1.83878,0.5,0,12,5.29918,0.178098,0.560723,0.0830704,0.000578144,0.566844,0,445,1
17.0817,-0.0925926,0,17.082,27.3515,0.5,0,12.5127,-61.5372,27.3515,0.575589,-0.0843841,0.0162804,0.58197,0,446,1
17.0781,-0.0974183,0,17.0784,31.0352,0.5,0,12.6581,-66.0815,31.0352,0.575714,-0.134083,0.0202645,0.591469,0,447,1
17.0756,-0.1,0,17.0759,26.2422,0.5,0,12.3184,-35.512,26.2422,0.581163,-0.184963,0.0214578,0.610264,0,448,1
17.0818,0.0925926,0,17.082,26.2184,0.5,0,12.7136,-22.2937,-26.2184,0.564969,0.120185,0.0206882,0.577981,0,449,1
17.0781,0.098501,0,17.0784,31.8912,0.5,0,12.6014,-87.3679,-31.8912,0.561665,0.165009,0.0217373,0.585806,0,450,1
17.0768,0.1,0,17.0771,30.4006,0.5,0,12.4242,-87.7329,-30.4006,0.563345,0.192937,0.0218325,0.595868,0,451,1
17.0781,-0.227366,0,17.0796,2.00537,0.5,0,13,23.7816,1.89619,1.72808,-0.145457,-0.0274112,1.7344,0,452,1
17.0767,-0.225926,0,17.0782,3.75671,0.5,0,12.7995,21.7404,3.72524,1.7292,-0.166973,-0.0272842,1.73746,0,453,1
17.0781,0.221197,0,17.0796,6.99765,0.5,0,12.6384,9.21218,-6.99765,1.68228,0.212807,-0.0230535,1.69584,0,454,1
17.0757,0.218519,0,17.0771,8.41606,0.5,0,12.6746,6.24473,-8.41606,1.68112,0.247415,-0.0219348,1.69938,0,455,1
18.0902,-0.428648,0,18.0953,2.03321,0.5,0,12,3.98839,0.100476,0.56225,-0.0625515,0.000679268,0.565719,0,456,1
18.0902,0.427925,0,18.0953,2.36474,0.5,0,12,3.25768,-1.19212,0.567798,0.0682362,0.000948694,0.571884,0,457,1
18.0242,0.436504,0,18.0295,17.5468,0.5,0,12.572,-10.8187,17.5468,0.409912,0.131141,-0.00474055,0.430405,0,458,1
18.0169,0.437025,0,18.0222,19.9017,0.5,0,12.5016,-28.4331,19.9017,0.403184,0.118728,-0.00396138,0.42032,0,459,1
18.0095,0.437721,0,18.0149,17.7118,0.5,0,12,-32.962,17.7118,0.40025,0.103025,-0.0039637,0.413316,0,460,1
18.0022,0.437976,0,18.0075,20.0681,0.5,0,12.2251,-47.251,20.0681,0.387877,0.0812591,-0.00411582,0.396319,0,461,1
17.9979,0.439549,0,18.0033,19.4001,0.5,0,12.101,-41.3226,19.4001,0.363359,0.0706499,-0.00335161,0.370179,0,462,1
17.9729,0.440381,0,17.9783,19.265,0.5,0,12,-57.3576,19.265,0.346771,-0.00695157,-0.0025404,0.34685,0,463,1
17.9655,0.437481,0,17.9709,18.3288,0.5,0,12.56,-44.2841,18.3288,0.374824,-0.035418,-0.00262942,0.376503,0,464,1
17.9802,0.440229,0,17.9856,19.7216,0.5,0,12,-56.5876,19.7216,0.346679,0.022283,-0.00293273,0.347407,0,465,1
17.9509,0.438933,0,17.9562,11.6887,0.5,0,12.1043,-8.71061,11.6887,0.365004,-0.068524,-0.00138235,0.371383,0,466,1
17.9435,0.437839,0,17.9489,10.2969,0.5,0,12,-7.94581,10.2969,0.369674,-0.0750251,-0.000668716,0.377211,0,467,1
17.9572,0.440741,0,17.9626,14.2144,0.5,0,12,-20.0095,14.2144,0.357005,-0.0600047,-0.00128324,0.362015,0,468,1
17.9362,0.437585,0,17.9415,6.45517,0.5,0,12.4261,-3.28548,6.45517,0.365356,-0.0877972,0.0011234,0.375759,0,469,1
17.9289,0.436663,0,17.9342,5.32168,0.5,0,12.5504,-0.146577,5.32168,0.367936,-0.0961565,0.00156178,0.380296,0,470,1
17.9215,0.436212,0,17.9268,4.26957,0.5,0,12.6114,5.62551,4.10145,0.382936,-0.10702,0.00124928,0.397611,0,471,1
17.9142,0.435032,0,17.9195,5.11648,0.5,0,12.4145,7.08456,2.50975,0.413221,-0.115638,0.00183803,0.429101,0,472,1
17.6062,0.437203,0,17.6116,42.968,0.5,0,12.5224,-104.124,42.968,0.525318,0.540161,0.00570491,0.753503,0,473,1
17.6004,0.440741,0,17.6059,76.7544,0.5,0,13,-1053.34,76.7544,0.304204,0.506821,0.00882719,0.591173,0,474,1
17.5988,0.442002,0,17.6044,74.9115,0.5,0,12.8297,-1103.55,74.9115,0.243275,0.469153,0.00888281,0.528551,0,475,1
17.5548,0.438991,0,17.5603,9.68962,0.5,0,12.7638,216.374,0.956458,0.469156,-0.509404,-0.00828945,0.692581,0,476,1
17.5475,0.43858,0,17.553,9.67232,0.5,0,12.2916,142.596,-4.44924,0.522308,-0.439969,-0.0157033,0.683099,0,477,1
17.5572,0.440741,0,17.5627,11.0776,0.5,0,13,236.197,3.27565,0.414713,-0.492488,-0.00633532,0.643873,0,478,1
17.5622,0.443634,0,17.5678,23.6004,0.5,0,12.6095,84.7832,23.6004,0.243644,-0.437517,-0.00123779,0.500784,0,479,1
17.3388,0.434969,0,17.3443,19.9416,0.5,0,12.6468,34.0209,19.9416,0.513803,0.289389,0.0312759,0.590523,0,480,1
17.3348,0.43678,0,17.3403,18.5725,0.5,0,12.275,49.9274,18.5725,0.483864,0.292557,0.0328661,0.566386,0,481,1
17.3275,0.437593,0,17.333,23.4371,0.5,0,12.7211,47.6609,23.4371,0.471716,0.308102,0.0342956,0.564463,0,482,1
17.3239,0.439048,0,17.3295,26.5483,0.5,0,12.6613,17.1614,26.5483,0.431195,0.314255,0.0362636,0.53479,0,483,1
17.3234,0.439489,0,17.329,27.0292,0.5,0,12.6453,14.0885,27.0292,0.422889,0.315012,0.0365842,0.528588,0,484,1
17.2468,0.438478,0,17.2524,32.8645,0.5,0,12.8125,-103.548,32.8645,0.326402,-0.283752,-0.00479574,0.432524,0,485,1
17.25,0.440741,0,17.2557,38.1922,0.5,0,13,-189.505,38.1922,0.232574,-0.259587,0.00256355,0.348544,0,486,1
17.2541,0.443266,0,17.2598,36.7974,0.5,0,12.6591,-236.101,36.7974,0.114445,-0.225263,0.0157285,0.253157,0,487,1
17.9978,0.439591,0,18.0032,19.3795,0.5,0,12.0967,-41.1441,19.3795,0.362746,0.070481,-0.00333092,0.369545,0,488,1
17.9949,0.440741,0,18.0003,18.8755,0.5,0,12.0018,-36.6824,18.8755,0.345148,0.0632942,-0.00279926,0.350914,0,489,1
17.9947,0.440741,0,18.0001,18.8724,0.5,0,12,-36.7771,18.8724,0.345007,0.0628857,-0.00278222,0.350702,0,490,1
17.9912,0.440561,0,17.9966,18.9821,0.5,0,12,-40.0801,18.9821,0.344763,0.0549071,-0.00273198,0.349119,0,491,1
17.9912,0.440557,0,17.9966,18.9831,0.5,0,12,-40.1163,18.9831,0.344772,0.0548217,-0.00273057,0.349114,0,492,1
17.9875,0.440426,0,17.9929,19.0978,0.5,0,12,-43.5612,19.0978,0.343937,0.0462399,-0.00278317,0.347042,0,493,1
17.9949,0.440754,0,18.0003,18.8522,0.5,0,12,-36.5736,18.8522,0.345009,0.0632752,-0.00279215,0.350774,0,494,1
17.9587,0.440741,0,17.9641,14.8557,0.5,0,12.0621,-23.4624,14.8557,0.355988,-0.0572264,-0.00120644,0.36056,0,495,1
17.9582,0.441077,0,17.9636,14.3603,0.5,0,12,-21.3365,14.3603,0.352927,-0.0579948,-0.00111585,0.357662,0,496,1
17.321,0.440741,0,17.3266,29.3647,0.5,0,12.6095,-6.18606,29.3647,0.390199,0.31961,0.0382704,0.505837,0,497,1
17.3202,0.441583,0,17.3258,28.3423,0.5,0,12.5,-5.38885,28.3423,0.369139,0.317522,0.0390824,0.488479,0,498,1
17.3173,0.442446,0,17.323,29.1485,0.5,0,12.5352,9.14735,29.1485,0.328735,0.315966,0.0414137,0.457839,0,499,1
17.0723,-0.107407,0,17.0726,33.7075,0.5,0,13,-8.55572,33.7075,0.581898,-0.220787,0.0238137,0.622832,0,500,1
17.0708,-0.109586,0,17.0711,37.2774,0.5,0,13,-53.6988,37.2774,0.575965,-0.245893,0.0233705,0.626694,0,501,1
17.0669,-0.114815,0,17.0673,32.5734,0.5,0,12.4679,-78.706,32.5734,0.579432,-0.332632,0.0263924,0.668642,0,502,1
17.0733,0.107407,0,17.0736,27.2183,0.5,0,12.342,0.70179,-27.2183,0.571713,0.255115,0.0229006,0.62647,0,503,1
17.0708,0.112042,0,17.0712,35.1579,0.5,0,12.6257,-19.881,-35.1579,0.556039,0.303703,0.0268708,0.634142,0,504,1
17.0692,0.114815,0,17.0696,36.123,0.5,0,12.7826,-22.7711,-36.123,0.554699,0.351,0.0281125,0.657025,0,505,1
17.0719,-0.218519,0,17.0733,10.8125,0.5,0,12.844,3.6035,10.8125,1.72891,-0.228872,-0.0252239,1.74417,0,506,1
17.0725,0.211111,0,17.0738,12.1974,0.5,0,12.8651,-5.12936,-12.1974,1.68016,0.289686,-0.0185931,1.70505,0,507,1
17.0708,0.208981,0,17.0721,14.7698,0.5,0,12.7124,-22.941,-14.7698,1.67308,0.31358,-0.0175603,1.70231,0,508,1
17.0679,0.203704,0,17.0691,22.2946,0.5,0,12.3975,-67.6717,-22.2946,1.65636,0.381755,-0.0128738,1.69983,0,509,1
17.0708,-0.217346,0,17.0722,11.1298,0.5,0,13,2.18909,11.1298,1.72458,-0.248001,-0.0247042,1.74249,0,510,1
17.0673,-0.211111,0,17.0686,17.0043,0.5,0,12.5253,-27.0761,17.0043,1.70397,-0.333675,-0.0214323,1.73647,0,511,1
18.0976,-0.428207,0,18.1026,2.51202,0.5,0,12,2.45698,1.24893,0.567785,-0.0468624,0.00136782,0.569717,0,512,1
18.0976,0.427415,0,18.1026,3.10543,0.5,0,12,0.628056,-2.40179,0.573815,0.0508649,0.00119035,0.576066,0,513,1
17.5915,0.444109,0,17.5971,77.7286,0.5,0,12.5452,-1409.42,77.7286,0.13691,0.283475,0.00889002,0.314931,0,514,1
17.5842,0.44636,0,17.5898,86.1129,0.5,0,13,-1767.35,86.1129,0.0511035,0.025366,0.00874177,0.0577184,0,515,1
17.5768,0.445994,0,17.5825,68.728,0.5,0,13,-927.631,68.728,0.089596,-0.186002,0.00301401,0.206478,0,516,1
17.5695,0.444237,0,17.5751,44.6495,0.5,0,12.528,-347.436,44.6495,0.155967,-0.350362,0.000687012,0.383509,0,517,1
17.3166,0.442538,0,17.3222,29.936,0.5,0,12.5971,10.7118,29.936,0.317964,0.317265,0.0421994,0.451152,0,518,1
17.3128,0.443714,0,17.3185,30.6688,0.5,0,12.5986,29.4648,30.6688,0.265831,0.314403,0.0450892,0.414184,0,519,1
17.3055,0.444131,0,17.3112,38.3161,0.5,0,12.5423,-94.2479,38.3161,0.24938,0.298537,0.0449899,0.391585,0,520,1
17.2982,0.446495,0,17.3039,49.5441,0.5,0,13,-228.752,49.5441,0.184335,0.251769,0.0460068,0.315411,0,521,1
17.2908,0.445868,0,17.2966,48.9541,0.5,0,12.6922,-362.138,48.9541,0.183432,0.195669,0.0417258,0.271431,0,522,1
17.2872,0.446714,0,17.293,49.6031,0.5,0,12.5947,-380.952,49.6031,0.148718,0.150377,0.0429153,0.215805,0,523,1
17.2798,0.44657,0,17.2856,50.8057,0.5,0,12.5674,-428.42,50.8057,0.128349,0.0644748,0.0402804,0.149175,0,524,1
17.2761,0.445523,0,17.2819,50.977,0.5,0,12.6456,-438.172,50.977,0.141681,0.0290022,0.036768,0.14922,0,525,1
17.2688,0.446099,0,17.2746,47.0596,0.5,0,13,-250.188,47.0596,0.110977,-0.0509998,0.025261,0.124719,0,526,1
17.2615,0.444224,0,17.2672,40.8513,0.5,0,12.5298,-382.068,40.8513,0.0613741,-0.142482,0.0289407,0.157814,0,527,1
17.287,0.446711,0,17.2928,49.638,0.5,0,12.5943,-381.18,49.638,0.147711,0.148393,0.0429591,0.21374,0,528,1
17.2835,0.447881,0,17.2893,50.3232,0.5,0,12.4639,-410.654,50.3232,0.108304,0.101079,0.0448956,0.154798,0,529,1
17.28,0.446576,0,17.2858,50.8031,0.5,0,12.5682,-427.522,50.8031,0.128447,0.0661862,0.0404217,0.150044,0,530,1
17.0656,-0.122222,0,17.066,43.2403,0.5,0,12.7118,-187.795,43.2403,0.597245,-0.337688,0.0264131,0.68661,0,531,1
17.0635,-0.124921,0,17.0639,50.0569,0.5,0,13,-250.116,50.0569,0.596414,-0.413737,0.0247636,0.726293,0,532,1
17.0606,-0.12963,0,17.0611,41.747,0.5,0,12.6051,-183.19,41.747,0.628435,-0.505344,0.023286,0.80675,0,533,1
17.0661,0.122222,0,17.0665,40.3085,0.5,0,12.6648,-129.584,-40.3085,0.581634,0.397278,0.0270296,0.704882,0,534,1
17.0635,0.127993,0,17.0639,46.4668,0.5,0,12.552,-240.347,-46.4668,0.624751,0.461223,0.0277993,0.777055,0,535,1
17.0624,0.12963,0,17.0629,44.9031,0.5,0,12.4541,-242.224,-44.9031,0.644043,0.492229,0.0276793,0.811078,0,536,1
17.0635,-0.205793,0,17.0647,19.0864,0.5,0,12.718,-36.899,19.0864,1.68457,-0.388444,-0.0205802,1.7289,0,537,1
17.0616,-0.203704,0,17.0629,19.803,0.5,0,12.7525,-41.28,19.803,1.67815,-0.424246,-0.0198021,1.73106,0,538,1
17.0656,0.196296,0,17.0667,27.5207,0.5,0,12.7121,-134.497,-27.5207,1.61411,0.4451,-0.00896668,1.67438,0,539,1
17.0635,0.193285,0,17.0646,30.2386,0.5,0,12.761,-175.342,-30.2386,1.5852,0.492547,-0.00768891,1.65997,0,540,1
17.0606,0.188889,0,17.0616,32.6754,0.5,0,12.294,-218.716,-32.6754,1.54387,0.576031,-0.0048226,1.64784,0,541,1
18.1049,-0.427892,0,18.1099,2.92243,0.5,0,12,0.711751,1.98741,0.571295,-0.0294291,0.00175559,0.572055,0,542,1
18.1049,0.427047,0,18.1099,3.66094,0.5,0,12,-1.78949,-3.14429,0.577534,0.0322426,0.00129947,0.578435,0,543,1
17.058,-0.137037,0,17.0585,47.2392,0.5,0,12.6078,-337.164,47.2392,0.695971,-0.533828,0.0248824,0.877478,0,544,1
17.0561,-0.141437,0,17.0567,52.1926,0.5,0,12.749,-393.963,52.1926,0.745438,-0.624907,0.0240737,0.973019,0,545,1
17.0547,-0.144444,0,17.0554,51.5316,0.5,0,12.8108,-378.46,51.5316,0.785184,-0.684929,0.0222393,1.04218,0,546,1
17.0601,0.137037,0,17.0607,48.0319,0.5,0,12.5469,-379.953,-48.0319,0.706544,0.60179,0.0251087,0.928432,0,547,1
17.0585,0.144444,0,17.0591,56.2657,0.5,0,13,-536.615,-56.2657,0.794098,0.63404,0.0236462,1.01644,0,548,1
17.0592,-0.196296,0,17.0603,28.3297,0.5,0,13,-127.703,28.3297,1.63361,-0.492795,-0.0145082,1.70638,0,549,1
17.0571,-0.188889,0,17.0581,39.8172,0.5,0,12.8712,-324.654,39.8172,1.56501,-0.562061,-0.0115327,1.66292,0,550,1
17.0577,0.151852,0,17.0584,57.4576,0.5,0,12.7845,-630.884,-57.4576,0.930393,0.675571,0.0204842,1.14998,0,551,1
17.0569,0.155921,0,17.0576,59.0721,0.5,0,12.8973,-682.897,-59.0721,1.00109,0.717874,0.0170578,1.23199,0,552,1
17.0578,0.174074,0,17.0587,50.7289,0.5,0,12.7663,-545.642,-50.7289,1.33044,0.654247,0.00919893,1.48263,0,553,1
17.0565,0.166667,0,17.0574,59.1152,0.5,0,12.9445,-740.068,-59.1152,1.20823,0.731801,0.0119776,1.41262,0,554,1
17.0585,0.181481,0,17.0595,42.9272,0.5,0,13,-376.446,-42.9272,1.44878,0.632488,0.0028541,1.58082,0,555,1
17.0561,-0.187031,0,17.0572,41.0533,0.5,0,12.8151,-354.143,41.0533,1.53814,-0.58909,-0.00993841,1.64712,0,556,1
17.0537,-0.181481,0,17.0546,40.9341,0.5,0,12.316,-386.417,40.9341,1.44304,-0.670862,-0.0053549,1.59137,0,557,1
17.0568,0.156128,0,17.0576,59.1709,0.5,0,12.9025,-685.825,-59.1709,1.00442,0.719796,0.0169108,1.23582,0,558,1
17.0562,0.159259,0,17.0569,60.4163,0.5,0,12.9922,-725.713,-60.4163,1.0595,0.753158,0.014285,1.3,0,559,1
17.0564,0.16376,0,17.0572,59.4483,0.5,0,12.9634,-725.433,-59.4483,1.14901,0.740669,0.0129269,1.36711,0,560,1
17.0564,0.163553,0,17.0572,59.4544,0.5,0,12.9647,-723.492,-59.4544,1.14472,0.741349,0.0129991,1.36387,0,561,1
18.1122,-0.427706,0,18.1173,3.13647,0.5,0,12,-0.108573,2.25518,0.573362,-0.0120561,0.00166966,0.573491,0,562,1
18.1122,0.426834,0,18.1173,3.881,0.5,0,12,-2.57553,-3.44116,0.579537,0.0146763,0.00134367,0.579725,0,563,1
17.0532,-0.151852,0,17.0539,53.8624,0.5,0,12.5976,-609.412,53.8624,0.904226,-0.73007,0.0180583,1.16231,0,564,1
17.0527,-0.159259,0,17.0535,54.0106,0.5,0,12.5342,-646.656,54.0106,1.04519,-0.746697,0.0139161,1.28459,0,565,1
17.0525,-0.166667,0,17.0533,50.8102,0.5,0,12.5043,-583.626,50.8102,1.19388,-0.747472,0.00845392,1.40859,0,566,1
17.0526,-0.174074,0,17.0535,45.2276,0.5,0,12.517,-448.892,45.2276,1.32506,-0.731949,0.00051773,1.51378,0,567,1
18.1196,-0.427653,0,18.1246,3.20634,0.5,0,12,0.164352,2.2204,0.574314,0.00394735,0.00170716,0.574331,0,568,1
18.1196,0.427268,0,18.1246,3.91673,0.5,0,12,-1.49122,-3.00806,0.578195,-0.000313263,0.0012508,0.578197,0,569,1
18.1269,-0.427729,0,18.1319,3.12867,0.5,0,12,1.1126,1.99446,0.573713,0.0186145,0.00241343,0.57402,0,570,1
18.1231,0.426897,0,18.1281,5.26633,0.5,0,12.2702,-4.87981,-4.50457,0.5818,-0.0082318,0.00124134,0.581859,0,571,1
18.1239,0.426964,0,18.1289,5.29385,0.5,0,12.2702,-4.75596,-4.44548,0.581408,-0.010102,0.00120589,0.581497,0,572,1
18.1342,-0.427983,0,18.1393,2.98136,0.5,0,12,2.39723,1.53035,0.571551,0.0315091,0.00344933,0.572429,0,573,1
18.1269,0.426663,0,18.1319,6.42965,0.5,0,12.5,-7.63952,-5.71748,0.584432,-0.0168075,0.00111721,0.584675,0,574,1
18.1308,0.426798,0,18.1358,6.26776,0.5,0,12.4995,-6.60735,-5.55734,0.584711,-0.0258392,0.00137238,0.585284,0,575,1
18.1316,0.426775,0,18.1366,6.26557,0.5,0,12.4995,-6.72804,-5.62066,0.584748,-0.0278586,0.00135726,0.585413,0,576,1
18.1416,-0.428377,0,18.1466,2.78295,0.5,0,12,3.71091,0.691503,0.566436,0.0429663,0.00390571,0.568077,0,577,1
18.1342,0.426804,0,18.1392,6.1909,0.5,0,12.4986,-6.43798,-5.62945,0.584899,-0.0342447,0.00144335,0.585902,0,578,1
18.1416,0.427636,0,18.1466,3.61239,0.5,0,12,-0.0137612,-2.68875,0.572562,-0.0517268,0.00163984,0.574896,0,579,1
18.1489,-0.429025,0,18.154,3.5722,0.5,0,12.2698,4.69994,0.485411,0.562357,0.0505678,0.00421492,0.564641,0,580,1
18.1489,0.428341,0,18.1539,3.1196,0.5,0,12,3.21231,-0.781613,0.564332,-0.0632017,0.00223647,0.567865,0,581,1
18.1562,-0.429335,0,18.1613,3.10532,0.5,0,12.2528,5.51168,-0.52084,0.55408,0.0600922,0.00349037,0.55734,0,582,1
18.1562,0.429076,0,18.1613,4.57029,0.5,0,12.5747,5.02299,-1.04091,0.560526,-0.0681802,0.0026945,0.564664,0,583,1
18.1636,-0.429653,0,18.1686,2.74536,0.5,0,12.229,6.12909,-1.30686,0.547402,0.0677022,0.00190629,0.551576,0,584,1
18.1636,0.429103,0,18.1686,3.2701,0.5,0,12.2758,5.2398,0.935468,0.546514,-0.0781854,0.00282034,0.552086,0,585,1
18.1709,-0.429908,0,18.176,3.16574,0.5,0,12.2125,6.76694,-2.62133,0.541033,0.074234,-0.000139303,0.546102,0,586,1
18.1709,0.42923,0,18.176,3.4093,0.5,0,12.5539,4.97231,1.5515,0.536654,-0.0833376,0.00374065,0.543099,0,587,1
18.1782,-0.429787,0,18.1833,4.25901,0.5,0,12.2137,6.28969,-4.25559,0.533702,0.0771264,2.20823e-05,0.539246,0,588,1
18.1782,0.429469,0,18.1833,3.64825,0.5,0,12.5216,3.85186,3.6091,0.526703,-0.0860473,0.00338741,0.533696,0,589,1
18.1856,-0.43026,0,18.1907,5.72382,0.5,0,12.4148,7.35353,-5.72382,0.51886,0.0722134,-0.00152248,0.523864,0,590,1
18.1856,0.430028,0,18.1906,5.08008,0.5,0,12.4462,2.66043,5.08008,0.517676,-0.0849677,0.00303091,0.524611,0,591,1
18.1929,-0.431159,0,18.198,6.1664,0.5,0,12.1471,8.62631,-6.1664,0.5051,0.0707118,-0.00252728,0.510032,0,592,1
18.1929,0.430983,0,18.198,6.12109,0.5,0,12.1482,2.48676,6.12109,0.507023,-0.0847827,0.00343165,0.514074,0,593,1
18.2002,-0.432413,0,18.2054,7.02941,0.5,0,12,10.435,-7.02941,0.492174,0.0681838,-0.0034661,0.496887,0,594,1
18.2002,0.432592,0,18.2054,7.74357,0.5,0,12,0.642775,7.74357,0.493164,-0.081764,0.0039174,0.499912,0,595,1
18.2052,-0.433333,0,18.2103,7.69533,0.5,0,12,10.5058,-7.69533,0.483846,0.0648384,-0.00395992,0.488187,0,596,1
18.2034,0.43244,0,18.2085,8.33537,0.5,0,12.1263,-1.3763,8.33537,0.492009,-0.079544,0.0035518,0.49841,0,597,1
18.2043,0.432146,0,18.2095,8.51327,0.5,0,12.1999,-2.13797,8.51327,0.493115,-0.0793255,0.00335053,0.499466,0,598,1
18.2076,-0.433796,0,18.2127,8.02065,0.5,0,12,9.8734,-8.02065,0.478547,0.0637059,-0.00401889,0.482785,0,599,1
18.2076,0.43204,0,18.2127,9.11047,0.5,0,12.3254,-4.13253,9.11047,0.49149,-0.077031,0.00307965,0.4975,0,600,1
18.2112,0.43061,0,18.2163,9.51742,0.5,0,12.6324,-6.3321,9.51742,0.497986,-0.0743213,0.00220527,0.503506,0,601,1
18.2105,-0.433801,0,18.2156,8.55219,0.5,0,12.079,8.0945,-8.55219,0.476889,0.0618527,-0.00478136,0.480907,0,602,1
18.2106,-0.433749,0,18.2157,8.56933,0.5,0,12.0911,8.12669,-8.56933,0.477174,0.0618682,-0.00477382,0.481192,0,603,1
18.213,-0.433333,0,18.2182,9.08165,0.5,0,12.2404,7.18315,-9.08165,0.478959,0.0608175,-0.00646334,0.482848,0,604,1
18.2149,-0.432515,0,18.22,9.44246,0.5,0,12.3895,6.53023,-9.44246,0.480547,0.060487,-0.00679512,0.484386,0,605,1
18.2186,-0.431109,0,18.2237,10.8153,0.5,0,12.6998,-0.282496,-10.8153,0.481338,0.0514229,-0.00692525,0.484127,0,606,1
18.2149,0.432673,0,18.22,10.1977,0.5,0,12.4109,-8.14851,10.1977,0.482962,-0.0655535,0.00166983,0.487393,0,607,1
18.2164,0.433333,0,18.2215,10.555,0.5,0,12.2984,-9.1964,10.555,0.478454,-0.0623678,0.00140915,0.482504,0,608,1
18.2221,-0.433333,0,18.2273,11.4604,0.5,0,12.5145,-1.83387,-11.4604,0.469312,0.0433417,-0.00675187,0.471357,0,609,1
18.2222,-0.433406,0,18.2274,11.4579,0.5,0,12.5,-1.94302,-11.4579,0.468635,0.0431182,-0.00678688,0.470663,0,610,1
18.2191,0.434166,0,18.2243,10.9342,0.5,0,12.1086,-10.4611,10.9342,0.470303,-0.0566487,0.00116963,0.473703,0,611,1
18.219,0.434078,0,18.2242,10.9082,0.5,0,12.1286,-10.3542,10.9082,0.471143,-0.0570269,0.00121191,0.474584,0,612,1
18.2222,0.434692,0,18.2274,11.2849,0.5,0,12,-11.5145,11.2849,0.464714,-0.0510567,0.000703442,0.46751,0,613,1
18.2259,0.434222,0,18.2311,11.4155,0.5,0,12.2989,-8.12743,11.4155,0.464751,-0.0488561,0.000383905,0.467312,0,614,1
18.2224,-0.433333,0,18.2276,11.4691,0.5,0,12.5241,-1.83319,-11.4691,0.468839,0.0428742,-0.0068618,0.470845,0,615,1
18.2261,-0.432532,0,18.2312,10.7974,0.5,0,12.7219,2.23759,-10.7974,0.467992,0.0374907,-0.00888228,0.469575,0,616,1
18.2261,-0.432523,0,18.2313,10.7976,0.5,0,12.7235,2.2382,-10.7976,0.467999,0.0374634,-0.00888869,0.46958,0,617,1
18.2296,-0.432196,0,18.2347,10.0814,0.5,0,12.8465,7.45014,-10.0814,0.465685,0.0311435,-0.00970923,0.466826,0,618,1
18.2369,-0.432673,0,18.242,12.6955,0.5,0,12.9109,-5.27485,-12.6955,0.458043,0.0225725,-0.00894991,0.458686,0,619,1
18.2268,0.434256,0,18.232,11.5241,0.5,0,12.2989,-8.59651,11.5241,0.464305,-0.0471359,0.000326996,0.466691,0,620,1
18.2296,0.433948,0,18.2347,11.6514,0.5,0,12.5,-6.48727,11.6514,0.464255,-0.0450905,0.000133963,0.466439,0,621,1
18.2328,0.434124,0,18.2379,13.5526,0.5,0,12.4916,-24.0615,13.5526,0.462175,-0.0406724,-0.000127861,0.463961,0,622,1
18.2337,0.434138,0,18.2388,13.6369,0.5,0,12.4916,-24.4016,13.6369,0.462022,-0.0387057,-0.00020265,0.46364,0,623,1
18.2397,-0.432941,0,18.2449,12.4319,0.5,0,12.8878,-5.05973,-12.4319,0.45607,0.0155379,-0.00899647,0.456423,0,624,1
18.2399,-0.433027,0,18.2451,12.4123,0.5,0,12.8737,-4.82908,-12.4123,0.455758,0.0150884,-0.00898991,0.456096,0,625,1
18.2369,0.434316,0,18.2421,15.3922,0.5,0,12.4761,-40.5136,15.3922,0.46,-0.0337812,-0.000432736,0.461239,0,626,1
18.2442,0.43553,0,18.2494,12.9631,0.5,0,12,-19.6498,12.9631,0.457288,-0.0075029,-0.000988035,0.45735,0,627,1
18.2418,-0.433333,0,18.2469,12.2178,0.5,0,12.8358,-4.61992,-12.2178,0.454347,0.0106117,-0.0093306,0.454567,0,628,1
18.2442,-0.434264,0,18.2494,11.3843,0.5,0,12.5,-2.19387,-11.3843,0.450262,0.0066203,-0.0087662,0.450396,0,629,1
18.2516,0.433788,0,18.2567,14.6125,0.5,0,12.9386,-15.9293,14.6125,0.457339,0.00634906,-0.00211558,0.457388,0,630,1
18.2488,-0.433021,0,18.2539,10.6516,0.5,0,12.9068,-1.40469,-10.6516,0.453086,-0.000828358,-0.00719212,0.453144,0,631,1
18.2516,-0.432839,0,18.2567,10.0982,0.5,0,12.9333,0.51035,-10.0982,0.453615,-0.00587043,-0.00657536,0.453701,0,632,1
18.2549,-0.432982,0,18.26,10.3567,0.5,0,12.8068,-2.8467,-10.3567,0.454687,-0.00851849,-0.00595747,0.454806,0,633,1
18.2549,-0.432996,0,18.2601,10.3516,0.5,0,12.7998,-2.85966,-10.3516,0.454695,-0.00860891,-0.00596765,0.454815,0,634,1
18.2468,-0.433333,0,18.252,11.053,0.5,0,12.8554,-2.58448,-11.053,0.452871,0.00253067,-0.00806195,0.45295,0,635,1
18.2487,-0.433085,0,18.2538,10.6713,0.5,0,12.8955,-1.35157,-10.6713,0.453155,-0.000629495,-0.00725235,0.453214,0,636,1
18.2589,0.434653,0,18.2641,13.1179,0.5,0,12,-14.4887,13.1179,0.470045,0.0174335,-0.00151538,0.47037,0,637,1
18.2583,-0.433333,0,18.2634,10.4109,0.5,0,12.5845,-4.90226,-10.4109,0.455656,-0.0117368,-0.00521553,0.455837,0,638,1
18.2589,-0.433468,0,18.264,10.3323,0.5,0,12.5,-4.7597,-10.3323,0.455408,-0.0124433,-0.00523706,0.455608,0,639,1
18.2662,0.434496,0,18.2714,13.0117,0.5,0,12,-14.7908,13.0117,0.474991,0.0296184,-0.00159348,0.475916,0,640,1
18.2623,-0.433927,0,18.2674,10.0263,0.5,0,12.2328,-4.43198,-10.0263,0.455648,-0.0175739,-0.00523846,0.456017,0,641,1
18.2625,-0.433912,0,18.2676,10.0165,0.5,0,12.2328,-4.45424,-10.0165,0.455801,-0.0178594,-0.00525034,0.456181,0,642,1
18.2662,-0.434239,0,18.2714,9.7113,0.5,0,12,-4.15206,-9.7113,0.456601,-0.0234275,-0.00506592,0.45723,0,643,1
18.2736,-0.433917,0,18.2787,10.1162,0.5,0,12,-7.12464,-10.1162,0.46504,-0.0324653,-0.00367887,0.466187,0,644,1
18.2695,0.434047,0,18.2746,13.1758,0.5,0,12.1256,-14.1414,13.1758,0.479382,0.0359674,-0.00190722,0.480733,0,645,1
18.2697,0.433956,0,18.2748,13.2527,0.5,0,12.1511,-14.285,13.2527,0.479998,0.0364335,-0.00197036,0.481383,0,646,1
18.277,-0.433596,0,18.2821,10.3771,0.5,0,12,-8.20071,-10.3771,0.470866,-0.0385944,-0.00367439,0.47246,0,647,1
18.2771,-0.433589,0,18.2823,10.3855,0.5,0,12,-8.22626,-10.3855,0.471039,-0.0387727,-0.00367637,0.472647,0,648,1
18.2723,0.433333,0,18.2774,13.6666,0.5,0,12.3257,-14.4827,13.6666,0.484823,0.0420647,-0.00227477,0.48665,0,649,1
18.2736,0.432828,0,18.2787,13.7586,0.5,0,12.4317,-14.6528,13.7586,0.487983,0.0445965,-0.00244915,0.490023,0,650,1
18.2809,0.432278,0,18.286,12.3252,0.5,0,12.3575,-5.55654,12.3252,0.495377,0.0528848,-0.00339582,0.498203,0,651,1
18.2839,-0.432861,0,18.289,10.5368,0.5,0,12,-8.41166,-10.5368,0.483686,-0.0496132,-0.00356242,0.486237,0,652,1
18.2842,-0.432832,0,18.2893,10.5281,0.5,0,12,-8.34508,-10.5281,0.48422,-0.0499623,-0.00359616,0.486804,0,653,1
18.2809,-0.433298,0,18.286,10.6767,0.5,0,12,-9.314,-10.6767,0.477414,-0.0453851,-0.00373313,0.479581,0,654,1
18.2803,-0.433333,0,18.2854,10.6311,0.5,0,12,-9.16011,-10.6311,0.476348,-0.0443038,-0.00372674,0.478418,0,655,1
18.2856,0.433333,0,18.2907,11.6151,0.5,0,12.0513,-6.28939,11.6151,0.492156,0.0571246,-0.00365293,0.495474,0,656,1
18.2882,0.433519,-4.33681e-19,18.2934,11.2301,0.5,0,12,-5.74829,11.2301,0.49286,0.0595036,-0.00402521,0.496456,0,657,1
18.2882,-0.432248,0,18.2933,10.3397,0.5,0,12,-7.13555,-10.3397,0.492759,-0.0557284,-0.00340432,0.495912,0,658,1
18.2956,-0.430773,0,18.3006,9.55507,0.5,0,12,-2.84418,-9.55507,0.51319,-0.0618349,-0.00251413,0.516908,0,659,1
18.2911,0.432232,0,18.2962,11.1038,0.5,0,12.1089,-5.42161,11.1038,0.504765,0.0614492,-0.00364508,0.508505,0,660,1
18.2884,0.433333,-4.33681e-19,18.2936,11.2817,0.5,0,12.0249,-5.6962,11.2817,0.494382,0.0596767,-0.00400763,0.497987,0,661,1
18.3029,-0.430909,0,18.308,10.1371,0.5,0,12.3274,-1.21791,-10.1371,0.51597,-0.0625701,-0.00192555,0.519753,0,662,1
18.2956,0.430507,0,18.3006,10.8084,0.5,0,12.2342,-4.96313,10.8084,0.521121,0.0644381,-0.00307353,0.525099,0,663,1
18.2916,0.431933,0,18.2967,11.0824,0.5,0,12.138,-5.38193,11.0824,0.507403,0.0618121,-0.0035905,0.511166,0,664,1
18.3029,0.430613,0,18.308,10.2479,0.5,0,12,-4.95782,10.2479,0.526402,0.0678156,-0.00330057,0.530762,0,665,1
18.3102,-0.430622,0,18.3153,9.74521,0.5,0,12,-2.39433,-9.74521,0.534861,-0.0669944,-0.00139048,0.539042,0,666,1
18.3102,0.429814,0,18.3153,9.91869,0.5,0,12.4751,-0.355296,9.91869,0.528964,0.0759525,-0.00262387,0.534396,0,667,1
18.3176,-0.429817,0,18.3226,8.82079,0.5,0,12,-0.838379,-8.82079,0.548052,-0.0681806,-0.00106487,0.552277,0,668,1
18.3176,0.429851,0,18.3226,8.9384,0.5,0,12.4701,1.94177,8.9384,0.538881,0.0755463,-0.00235164,0.544156,0,669,1
18.3249,-0.430113,0,18.33,8.27993,0.5,0,12.4347,2.96105,-8.27993,0.54511,-0.0684305,-0.00146751,0.54939,0,670,1
18.3249,0.429724,0,18.3299,7.94393,0.5,0,12.2131,3.27419,7.94393,0.555618,0.0720656,-0.00225267,0.560277,0,671,1
18.3322,-0.429033,0,18.3373,7.3418,0.5,0,12,2.64991,-7.3418,0.567739,-0.06465,-0.00130605,0.571409,0,672,1
18.3322,0.42885,0,18.3373,6.77857,0.5,0,12,4.9811,6.77857,0.571258,0.0674971,-0.00105017,0.575233,0,673,1
18.3396,-0.428526,0,18.3446,6.55732,0.5,0,12,3.52302,-6.55732,0.576252,-0.0598182,-0.00135252,0.57935,0,674,1
18.3396,0.428236,0,18.3446,5.91371,0.5,0,12,5.53543,5.91371,0.580859,0.0600561,-0.000919324,0.583956,0,675,1
18.3469,-0.428098,0,18.3519,6.58261,0.5,0,12.3458,3.18939,-6.58261,0.580889,-0.0549134,-0.00070786,0.583479,0,676,1
18.3469,0.427518,0,18.3519,5.52837,0.5,0,12,4.47465,5.52837,0.591629,0.0527809,-0.00106365,0.59398,0,677,1
18.3542,-0.427128,0,18.3592,6.01003,0.5,0,12,2.40201,-6.01003,0.594606,-0.0479102,-0.000473496,0.596533,0,678,1
18.3518,0.425926,0,18.3567,5.27575,0.5,0,12,3.84474,5.27575,0.602086,0.0497355,-0.00074285,0.604137,0,679,1
18.3616,-0.426363,0,18.3665,5.95875,0.5,0,12,1.34427,-5.95875,0.600943,-0.0441907,-0.000731637,0.602566,0,680,1
18.3542,0.425142,0,18.3592,5.05544,0.5,0,12,3.6853,5.05544,0.606239,0.0476408,-0.000353988,0.608108,0,681,1
18.3616,0.422852,0,18.3664,4.67852,0.5,0,11.585,2.66927,4.67852,0.620206,0.0354431,0.000527773,0.621218,0,682,1
18.3667,-0.425926,0,18.3716,5.76776,0.5,0,12,1.21339,-5.76776,0.604246,-0.0422861,-0.00105608,0.605724,0,683,1
18.3689,0.422492,0,18.3738,4.60282,0.5,0,11.5364,2.13015,4.60282,0.622473,0.030049,0.000860303,0.623198,0,684,1
18.3689,-0.425739,0,18.3738,5.68472,0.5,0,12,1.17508,-5.68472,0.605597,-0.0413186,-0.00118665,0.607007,0,685,1
18.3762,-0.425219,0,18.3812,5.29119,0.5,0,12,1.51752,-5.29119,0.609938,-0.0379044,-0.00156623,0.611117,0,686,1
18.3762,0.422245,0,18.3811,4.56738,0.5,0,11.503,1.78123,4.56738,0.625303,0.0254225,0.00039403,0.62582,0,687,1
18.3836,-0.424801,0,18.3885,5.03078,0.5,0,12,1.92565,-5.03078,0.61423,-0.0332888,-0.00148233,0.615134,0,688,1
18.3836,0.423467,0,18.3885,4.53063,0.5,0,11.668,1.56124,4.53063,0.618247,0.021945,0.000250788,0.618637,0,689,1
18.3909,-0.424448,0,18.3958,4.96726,0.5,0,12,1.99223,-4.96726,0.618144,-0.0285835,-0.00135669,0.618806,0,690,1
18.3909,0.42424,0,18.3958,4.5719,0.5,0,12,2.18082,4.5719,0.610699,0.0195536,0.00160548,0.611015,0,691,1
18.3983,-0.42413,0,18.4031,4.80436,0.5,0,12,2.07695,-4.80436,0.621821,-0.0241734,-0.00155428,0.622293,0,692,1
18.3983,0.42476,0,18.4032,4.94672,0.5,0,12,2.89601,4.94672,0.613204,0.015003,0.00140694,0.613389,0,693,1
18.4056,-0.423847,0,18.4105,4.81534,0.5,0,12,1.9337,-4.81534,0.624897,-0.0177021,-0.00208514,0.625151,0,694,1
18.4056,0.423221,0,18.4104,5.60577,0.5,0,11.7782,2.27641,5.60577,0.614506,0.0119869,0.0005086,0.614623,0,695,1
18.4129,-0.42514,0,18.4178,5.45987,0.5,0,12,1.75823,-5.45987,0.622664,-0.0132631,-0.00236719,0.622809,0,696,1
18.4092,0.42365,0,18.414,5.9362,0.5,0,11.7781,2.17182,5.9362,0.614503,0.0117141,0.000390063,0.614615,0,697,1
18.4103,0.423641,0,18.4152,6.00647,0.5,0,11.7793,2.14202,6.00647,0.615028,0.0115114,0.000318233,0.615136,0,698,1
18.4203,-0.421694,0,18.4251,5.57121,0.5,0,11.5713,1.50909,-5.57121,0.622177,-0.0140236,-0.00336443,0.622344,0,699,1
18.4129,0.423869,-4.33681e-19,18.4178,6.22453,0.5,0,11.7776,2.06592,6.22453,0.615237,0.0112771,0.000207127,0.61534,0,700,1
18.4166,0.423128,0,18.4214,6.28215,0.5,0,11.7076,1.80951,6.28215,0.617014,0.0117157,0.000545868,0.617126,0,701,1
18.4154,0.423135,0,18.4203,6.23172,0.5,0,11.7067,1.86097,6.23172,0.616565,0.0116015,0.000576155,0.616675,0,702,1
18.4276,-0.421616,0,18.4324,5.61931,0.5,0,11.5819,1.46788,-5.61931,0.623406,-0.0134452,-0.00396822,0.623564,0,703,1
18.4203,0.421709,0,18.4251,6.24901,0.5,0,11.5693,1.46237,6.24901,0.619191,0.0122495,0.00125177,0.619313,0,704,1
18.4276,0.421624,0,18.4324,6.37521,0.5,0,11.5808,1.13154,6.37521,0.621596,0.0138745,0.00111678,0.621752,0,705,1
18.4349,-0.421541,0,18.4397,5.52682,0.5,0,11.5919,1.37035,-5.52682,0.624346,-0.0121293,-0.00433522,0.624479,0,706,1
18.4349,0.421543,0,18.4397,6.28399,0.5,0,11.5917,1.05277,6.28399,0.62384,0.0160961,0.000849743,0.624048,0,707,1
18.4423,-0.421475,0,18.4471,5.40172,0.5,0,11.6008,1.26118,-5.40172,0.625028,-0.0106019,-0.00442411,0.625134,0,708,1
18.4423,0.421467,0,18.4471,6.05448,0.5,0,11.602,1.00849,6.05448,0.625369,0.0174731,0.000107854,0.625614,0,709,1
18.4496,-0.421446,0,18.4544,5.3361,0.5,0,11.6047,1.04012,-5.3361,0.626013,-0.00915321,-0.00394446,0.626092,0,710,1
18.4496,0.421395,0,18.4544,5.78081,0.5,0,11.6117,0.863492,5.78081,0.626788,0.0179249,-0.000966717,0.627045,0,711,1
18.4569,-0.421422,0,18.4617,5.29838,0.5,0,11.608,0.823959,-5.29838,0.626928,-0.0080983,-0.0033802,0.62699,0,712,1
18.4569,0.421326,0,18.4617,5.60817,0.5,0,11.621,0.831736,5.60817,0.627491,0.0183897,-0.00191583,0.627763,0,713,1
18.4643,-0.421814,0,18.4691,5.15605,0.5,0,11.5551,0.753764,-5.15605,0.627462,-0.00795512,-0.00211165,0.627516,0,714,1
18.4643,0.4213,0,18.4691,5.41477,0.5,0,11.6245,0.918625,5.41477,0.62791,0.0191245,-0.00284817,0.628208,0,715,1
18.4716,-0.422158,0,18.4764,4.99529,0.5,0,11.5087,0.710978,-4.99529,0.628504,-0.00732737,-0.00129836,0.628548,0,716,1
18.4716,0.421095,0,18.4764,5.05473,0.5,0,11.6522,0.921708,5.05473,0.629473,0.0192662,-0.00321872,0.629776,0,717,1
18.4789,-0.421421,0,18.4837,5.13811,0.5,0,11.6652,0.626378,-5.13811,0.640089,-0.00467237,-0.00160243,0.640108,0,718,1
18.4789,0.422121,0,18.4837,4.70553,0.5,0,12,0.916647,4.70553,0.638406,0.0159457,-0.00221939,0.638609,0,719,1
18.4863,-0.422148,0,18.4911,4.93329,0.5,0,11.7587,0.458729,-4.93329,0.639946,-0.00649697,-0.000723157,0.63998,0,720,1
18.4863,0.422002,0,18.4911,4.3812,0.5,0,12,0.764289,4.3812,0.641061,0.0150317,-0.00211526,0.641241,0,721,1
18.4936,-0.422057,0,18.4984,4.27716,0.5,0,12,0.438625,-4.27716,0.637607,-0.0085679,-0.000562612,0.637664,0,722,1
18.4936,0.421911,0,18.4984,3.94342,0.5,0,12,0.905084,3.94342,0.642658,0.0139758,-0.00221789,0.642814,0,723,1
18.5009,-0.421725,0,18.5057,3.97124,0.5,0,12,0.530887,-3.97124,0.640472,-0.00714683,-2.86601e-05,0.640511,0,724,1
18.5009,0.421273,0,18.5057,3.67998,0.5,0,12,1.12848,3.67998,0.645294,0.0126606,-0.00200818,0.645422,0,725,1
18.5083,-0.421785,0,18.5131,4.4633,0.5,0,11.7296,0.452045,-4.4633,0.646581,-0.0047312,-0.00041928,0.646598,0,726,1
18.5083,0.421534,0,18.5131,4.36483,0.5,0,11.407,1.11903,4.36483,0.655657,0.00522485,-0.0015459,0.65568,0,727,1
18.5156,-0.422127,0,18.5204,4.37367,0.5,0,11.7647,0.256221,-4.37367,0.646394,-0.00553769,-0.000260379,0.646418,0,728,1
18.5156,0.422219,0,18.5204,4.00706,0.5,0,11.4995,1.07985,4.00706,0.654052,0.00355058,-0.00130695,0.654063,0,729,1
18.5229,-0.421959,0,18.5277,3.83342,0.5,0,12,0.116908,-3.83342,0.643603,-0.00760808,0.000733985,0.643648,0,730,1
18.5229,0.421757,0,18.5277,3.17755,0.5,0,12,0.617202,3.17755,0.647438,0.00246935,-0.00102068,0.647443,0,731,1
18.5303,-0.42168,0,18.5351,3.43631,0.5,0,12,0.424718,-3.43631,0.645732,-0.00795179,0.00137514,0.645783,0,732,1
18.5303,0.421812,0,18.5351,3.04358,0.5,0,12,0.514686,3.04358,0.648388,0.00108651,-0.000460413,0.648389,0,733,1
18.5376,-0.421842,0,18.5424,3.4256,0.5,0,11.7314,1.00327,-3.4256,0.651212,-0.00396526,0.00139955,0.651226,0,734,1
18.5376,0.421841,0,18.5424,2.89754,0.5,0,12,0.763807,2.89754,0.649403,-0.000420201,-0.000546657,0.649404,0,735,1
18.5449,-0.42185,0,18.5497,2.53669,0.5,0,12,1.20056,-2.53669,0.64646,-0.00217626,0.00197939,0.646467,0,736,1
18.5449,0.422212,0,18.5497,2.55493,0.5,0,12.2315,0.789919,2.55493,0.647939,-0.00501682,-0.000239839,0.647959,0,737,1
18.5523,-0.422303,0,18.5571,2.17921,0.5,0,12,1.15641,-2.17921,0.647708,0.00261731,0.00131048,0.647714,0,738,1
18.5523,0.422131,0,18.5571,2.38845,0.5,0,12,1.06722,2.38845,0.649743,-0.00928397,-0.000494241,0.64981,0,739,1
18.5596,-0.422536,0,18.5644,2.73136,0.5,0,11.7856,0.97523,-2.73136,0.652845,0.00994287,0.00132208,0.652922,0,740,1
18.5596,0.422499,0,18.5644,2.99828,0.5,0,11.7858,1.06087,2.99828,0.65266,-0.0157237,-0.000772434,0.652849,0,741,1
18.5669,-0.422235,0,18.5717,3.11546,0.5,0,11.7468,0.811241,-3.11546,0.654364,0.0143796,0.00246174,0.654527,0,742,1
18.5669,0.422213,0,18.5717,3.42613,0.5,0,11.7469,0.729617,3.42613,0.652454,-0.0184692,-0.00228754,0.652719,0,743,1
18.5743,-0.422582,0,18.5791,2.8293,0.5,0,12,0.64974,-2.8293,0.646326,0.0173167,0.00325527,0.646566,0,744,1
18.5743,0.422555,0,18.5791,3.01984,0.5,0,12,0.481509,3.01984,0.643102,-0.0178563,-0.0022975,0.643354,0,745,1
18.5816,-0.423239,0,18.5864,3.03672,0.5,0,12,0.536059,-3.03672,0.642954,0.0184943,0.00279319,0.643226,0,746,1
18.5816,0.423225,0,18.5864,2.89827,0.5,0,12,0.630804,2.89827,0.641056,-0.0190966,-0.00116478,0.641341,0,747,1
18.5889,-0.423509,0,18.5938,3.17429,0.5,0,12,0.507292,-3.17429,0.64071,0.0185073,0.00275384,0.640983,0,748,1
18.5889,0.423519,0,18.5938,2.95437,0.5,0,12,0.698017,2.95437,0.639822,-0.0209254,-0.00091031,0.640165,0,749,1
18.5963,-0.423654,0,18.6011,3.13574,0.5,0,12,0.843664,-3.13574,0.638408,0.0185934,0.00308525,0.638686,0,750,1
18.5963,0.423814,0,18.6011,3.07774,0.5,0,12,1.19211,3.07774,0.637747,-0.0228995,-0.00142602,0.63816,0,751,1
18.6036,-0.42394,0,18.6084,2.97741,0.5,0,12,1.28762,-2.97741,0.635389,0.0206606,0.00321939,0.635733,0,752,1
18.6036,0.424103,0,18.6084,3.41368,0.5,0,12,2.10573,3.41368,0.633676,-0.0259886,-0.00077449,0.63421,0,753,1
18.6109,-0.424343,0,18.6158,3.08548,0.5,0,12,1.71605,-3.08548,0.632302,0.02417,0.00267323,0.63277,0,754,1
18.6109,0.424381,0,18.6158,4.18864,0.5,0,12,1.77362,4.18864,0.628866,-0.0279909,0.00127476,0.62949,0,755,1
18.6183,-0.424597,0,18.6231,3.53706,0.5,0,12,2.33484,-3.53706,0.627574,0.0274479,0.00227193,0.628178,0,756,1
18.6183,0.424644,0,18.6231,5.0185,0.5,0,12,0.713956,5.0185,0.626101,-0.0272771,0.00150215,0.626697,0,757,1
18.6256,-0.424832,0,18.6304,4.23337,0.5,0,12,2.08597,-4.23337,0.622947,0.0301087,0.0020768,0.623677,0,758,1
18.6256,0.424897,0,18.6305,5.56882,0.5,0,12,0.480085,5.56882,0.6246,-0.0254034,7.41865e-05,0.625117,0,759,1
18.6329,-0.425057,0,18.6378,5.27072,0.5,0,12,0.364586,-5.27072,0.618833,0.030911,0.00174402,0.619607,0,760,1
18.6329,0.425359,0,18.6378,5.95918,0.5,0,12,0.426447,5.95918,0.623069,-0.02355,-0.00135395,0.623515,0,761,1
18.6403,-0.42527,0,18.6451,6.38871,0.5,0,12,-2.09875,-6.38871,0.614274,0.0278188,0.0016425,0.614905,0,762,1
18.6403,0.424267,0,18.6451,6.58627,0.5,0,12.2859,-0.321509,6.58627,0.626219,-0.023594,-0.00325459,0.626672,0,763,1
18.6476,-0.425463,0,18.6525,7.2887,0.5,0,12,-4.28269,-7.2887,0.611544,0.0213773,0.00101549,0.611918,0,764,1
18.6456,0.425926,0,18.6504,7.53485,0.5,0,12.0449,-3.29988,7.53485,0.619931,-0.0174932,-0.00299307,0.620185,0,765,1
18.6514,-0.425663,0,18.6562,7.55071,0.5,0,12,-4.04148,-7.55071,0.611124,0.0174506,0.000494461,0.611373,0,766,1
18.6519,-0.425674,0,18.6568,7.59224,0.5,0,12,-4.02951,-7.59224,0.611089,0.0168356,0.000463234,0.611321,0,767,1
18.6476,0.426239,0,18.6525,7.7996,0.5,0,12,-4.01495,7.7996,0.617623,-0.0154336,-0.00317411,0.617824,0,768,1
18.6549,-0.42584,4.33681e-19,18.6598,7.80527,0.5,0,12,-3.84059,-7.80527,0.610715,0.0136997,3.13436e-05,0.610869,0,769,1
18.6586,-0.424381,0,18.6634,8.15315,0.5,0,12.3125,-2.76487,-8.15315,0.618657,0.0114257,3.3901e-05,0.618763,0,770,1
18.6501,0.4261,0,18.655,7.90043,0.5,0,12.0164,-3.79283,7.90043,0.618492,-0.0129305,-0.00307649,0.618634,0,771,1
18.6502,0.426082,0,18.655,7.90481,0.5,0,12.0208,-3.7857,7.90481,0.618585,-0.0129073,-0.00307038,0.618727,0,772,1
18.6516,0.425926,0,18.6565,7.97934,0.5,0,12.0495,-3.64156,7.97934,0.619488,-0.0114749,-0.0029387,0.619602,0,773,1
18.6549,0.424687,0,18.6598,8.15797,0.5,0,12.3328,-3.22293,8.15797,0.623748,-0.00906641,-0.00215472,0.623818,0,774,1
18.6586,0.424281,0,18.6634,8.36442,0.5,0,12.4609,-3.1924,8.36442,0.625748,-0.00703455,-0.00205806,0.625791,0,775,1
18.6575,0.424245,0,18.6624,8.31022,0.5,0,12.456,-3.19642,8.31022,0.625686,-0.00774234,-0.00215107,0.625738,0,776,1
18.6623,-0.424597,0,18.6671,8.20255,0.5,0,12.3205,-1.32154,-8.20255,0.619349,0.00852245,0.000210701,0.619408,0,777,1
18.6653,-0.425926,0,18.6702,8.39273,0.5,0,12.0814,-2.07344,-8.39273,0.616334,0.00531201,-0.000245699,0.616357,0,778,1
18.6623,0.423484,0,18.6671,8.57635,0.5,0,12.6703,-3.08815,8.57635,0.629102,-0.00523521,-0.0020857,0.629127,0,779,1
18.6674,0.425926,0,18.6723,8.73848,0.5,0,12.2968,-2.57083,8.73848,0.622577,-0.00282898,-0.00193434,0.622587,0,780,1
18.6668,-0.426094,0,18.6717,8.46735,0.5,0,12.0475,-2.14422,-8.46735,0.616288,0.00448421,-0.000303426,0.616304,0,781,1
18.667,-0.426185,0,18.6718,8.45993,0.5,0,12.0281,-2.20734,-8.45993,0.615848,0.00432792,-0.000307745,0.615864,0,782,1
18.6696,-0.426331,0,18.6745,8.62092,0.5,0,12,-2.22932,-8.62092,0.616571,0.00302481,-0.000339785,0.616578,0,783,1
18.6745,-0.425926,0,18.6793,9.15373,0.5,0,12,-3.00379,-9.15373,0.620616,8.01963e-05,-0.000197379,0.620616,0,784,1
18.6696,0.427256,0,18.6745,8.43677,0.5,0,12,-2.47783,8.43677,0.614592,-0.0018295,-0.00216895,0.614598,0,785,1
18.6769,-0.425741,0,18.6818,9.39797,0.5,0,12,-3.55032,-9.39797,0.622422,-0.00137565,-0.00016668,0.622424,0,786,1
18.6843,-0.425666,0,18.6891,10.0359,0.5,0,12,-5.0538,-10.0359,0.624958,-0.0074249,6.62036e-05,0.625002,0,787,1
18.6769,0.425994,0,18.6818,9.43086,0.5,0,12,-3.72381,9.43086,0.623285,0.00277902,-0.00224517,0.623295,0,788,1
18.6843,0.425954,0,18.6891,10.0155,0.5,0,12,-4.25859,10.0155,0.624949,0.00988951,-0.00255808,0.625032,0,789,1
18.6916,-0.425519,0,18.6965,10.3615,0.5,0,12,-5.37705,-10.3615,0.627376,-0.0149759,0.000124083,0.627555,0,790,1
18.6868,0.425992,-1.0842e-19,18.6916,10.1302,0.5,0,12.0127,-4.46422,10.1302,0.625458,0.0122727,-0.00265263,0.625584,0,791,1
18.6868,0.425988,-1.0842e-19,18.6916,10.1317,0.5,0,12.0136,-4.45923,10.1317,0.625483,0.0122764,-0.0026543,0.625609,0,792,1
18.6989,-0.425309,0,18.7038,10.3856,0.5,0,12,-4.4735,-10.3856,0.630388,-0.0221101,-0.000123846,0.630776,0,793,1
18.6882,0.425926,0,18.6931,10.2235,0.5,0,12.0393,-4.47242,10.2235,0.626228,0.0136028,-0.00267146,0.626382,0,794,1
18.6916,0.424645,0,18.6964,10.2617,0.5,0,12.327,-3.03905,10.2617,0.633372,0.0153512,-0.00284509,0.633565,0,795,1
18.6989,0.424635,0,18.7038,10.8882,0.5,0,12.3257,-7.63181,10.8882,0.637349,0.0235359,-0.00324831,0.637792,0,796,1
18.7063,-0.425055,0,18.7111,10.2841,0.5,0,12,-3.47855,-10.2841,0.634608,-0.0283931,-0.000311259,0.635243,0,797,1
18.7026,0.424341,0,18.7074,10.7023,0.5,0,12.3002,-6.2742,10.7023,0.640993,0.0269331,-0.00357186,0.641569,0,798,1
18.7136,-0.424772,0,18.7184,10.2786,0.5,0,12,-3.45224,-10.2786,0.640761,-0.0334886,-0.000297969,0.641635,0,799,1
18.7063,0.425915,0,18.7111,10.1657,0.5,0,12,-2.79355,10.1657,0.636104,0.0322812,-0.00360582,0.636933,0,800,1
18.7095,0.425523,0,18.7143,9.99938,0.5,0,12,-1.96315,9.99938,0.640121,0.0339993,-0.0033846,0.641033,0,801,1
18.7094,0.42553,0,18.7143,10.0029,0.5,0,12,-1.98144,10.0029,0.640031,0.0339571,-0.00338749,0.64094,0,802,1
18.7209,-0.42445,0,18.7258,10.3644,0.5,0,12,-3.81466,-10.3644,0.649723,-0.0388547,-8.75521e-05,0.650884,0,803,1
18.7136,0.425036,0,18.7184,9.79118,0.5,0,12,-0.90631,9.79118,0.645214,0.0362269,-0.0031322,0.646238,0,804,1
18.7209,0.424724,0,18.7258,9.64332,0.5,0,12,-0.433494,9.64332,0.653439,0.0390936,-0.00226108,0.654611,0,805,1
18.7283,-0.423844,0,18.7331,10.2458,0.5,0,12,-3.6657,-10.2458,0.661432,-0.043879,0.000183379,0.662886,0,806,1
18.7283,0.424381,0,18.7331,9.66107,0.5,0,12,-0.528392,9.66107,0.663748,0.0420376,-0.00126052,0.665079,0,807,1
18.7356,-0.423434,0,18.7404,9.90588,0.5,0,12,-2.77214,-9.90588,0.673841,-0.0497495,6.83915e-05,0.675675,0,808,1
18.7356,0.423996,0,18.7404,9.64025,0.5,0,12,-0.646283,9.64025,0.675551,0.045127,-0.000138306,0.677057,0,809,1
18.7429,-0.423261,0,18.7477,9.50738,0.5,0,12.1685,-0.647698,-9.50738,0.680343,-0.054503,-0.000128842,0.682522,0,810,1
18.7429,0.423557,0,18.7477,9.4318,0.5,0,12,-0.63876,9.4318,0.687538,0.0487164,0.000978629,0.689262,0,811,1
18.7503,-0.422483,0,18.755,8.31325,0.5,0,12,1.13852,-8.31325,0.696295,-0.0525508,-0.000229297,0.698275,0,812,1
18.7503,0.423131,0,18.7551,9.08275,0.5,0,12.1759,0.284903,9.08275,0.695611,0.0512888,0.00213511,0.697502,0,813,1
18.7576,-0.422471,0,18.7624,8.65492,0.5,0,12.2156,0.857473,-8.65492,0.699661,-0.0526267,-0.00139673,0.701639,0,814,1
18.7576,0.422438,0,18.7624,8.4199,0.5,0,12.2286,1.36641,8.4199,0.704268,0.0509967,0.0024131,0.706116,0,815,1
18.7649,-0.421643,0,18.7697,8.04005,0.5,0,12,0.810741,-8.04005,0.71922,-0.0546509,-0.00140645,0.721295,0,816,1
18.7649,0.421893,0,18.7697,8.15607,0.5,0,12,0.847299,8.15607,0.720468,0.0523143,0.00315737,0.722371,0,817,1
18.7723,-0.421625,0,18.777,7.76943,0.5,0,12.2642,1.79475,-7.76943,0.723539,-0.0549883,-0.0023219,0.725629,0,818,1
18.7723,0.421527,0,18.777,7.7142,0.5,0,12,1.50668,7.7142,0.730867,0.0549238,0.00401666,0.732939,0,819,1
18.7796,-0.420702,0,18.7843,7.19391,0.5,0,12,1.6951,-7.19391,0.741373,-0.0532442,-0.00157592,0.743284,0,820,1
18.7796,0.421355,0,18.7843,7.21933,0.5,0,12.2895,2.97922,7.21933,0.736398,0.0553035,0.00485053,0.738488,0,821,1
18.787,-0.42002,0,18.7916,6.7442,0.5,0,12,2.21887,-6.7442,0.75315,-0.0544965,-0.000853223,0.755119,0,822,1
18.787,0.420534,0,18.7917,6.31637,0.5,0,12,3.79369,6.31637,0.751746,0.0518395,0.00423932,0.753543,0,823,1
18.7943,-0.419409,0,18.799,5.78864,0.5,0,11.9455,3.06383,-5.78864,0.762068,-0.0528999,0.000410607,0.763902,0,824,1
18.7943,0.419706,0,18.799,5.7492,0.5,0,11.9284,4.68161,5.7492,0.759246,0.0507247,0.00391553,0.760949,0,825,1
18.8016,-0.418957,0,18.8063,5.06921,0.5,0,11.9702,3.56361,-5.06921,0.773181,-0.0494353,0.000982996,0.77476,0,826,1
18.8016,0.419251,0,18.8063,5.13745,0.5,0,11.9521,5.64284,5.13745,0.769376,0.0491224,0.00462365,0.770956,0,827,1
18.8074,-0.418519,0,18.8121,4.72423,0.5,0,12,3.74361,-4.72423,0.780227,-0.0460248,0.000883838,0.781584,0,828,1
18.809,0.418682,0,18.8136,4.67974,0.5,0,12,6.21947,4.67974,0.779679,0.0451833,0.00593866,0.781009,0,829,1
18.809,-0.418396,0,18.8136,4.64206,0.5,0,12,3.75338,-4.64206,0.78121,-0.0449336,0.000960429,0.782502,0,830,1
18.8163,-0.417917,0,18.8209,4.25416,0.5,0,12,3.70785,-4.25416,0.785804,-0.0405544,0.000993772,0.78685,0,831,1
18.811,0.418519,0,18.8157,4.58575,0.5,0,12,6.1603,4.58575,0.781873,0.0441086,0.00626519,0.783142,0,832,1
18.8236,-0.417533,0,18.8283,3.88702,0.5,0,12,3.7119,-3.88702,0.790851,-0.035544,0.0010443,0.79165,0,833,1
18.8163,0.418131,0,18.8209,4.3816,0.5,0,12,5.8829,4.3816,0.786009,0.0407976,0.00689766,0.787097,0,834,1
18.8236,0.417709,0,18.8283,4.08897,0.5,0,12,5.82812,4.08897,0.79235,0.0370182,0.0070705,0.793246,0,835,1
18.831,-0.417195,0,18.8356,3.84403,0.5,0,12,3.68378,-3.84403,0.795809,-0.0304134,0.000711351,0.79639,0,836,1
18.831,0.417346,0,18.8356,3.9182,0.5,0,12,6.60889,3.9182,0.798224,0.0326397,0.00695466,0.798921,0,837,1
18.8383,-0.41688,0,18.8429,3.80489,0.5,0,12,3.79741,-3.80489,0.801914,-0.0270772,-0.000665378,0.802371,0,838,1
18.8383,0.417007,0,18.8429,3.70553,0.5,0,12,6.95208,3.70553,0.801819,0.0282649,0.00739084,0.802351,0,839,1
18.8456,-0.416587,0,18.8502,3.53746,0.5,0,12,4.28102,-3.53746,0.80836,-0.0242043,-0.00292936,0.808727,0,840,1
18.8456,0.41665,0,18.8502,3.32139,0.5,0,12,6.87901,3.32139,0.803806,0.0246003,0.00806077,0.804222,0,841,1
18.853,-0.416259,0,18.8576,3.15193,0.5,0,12,4.67881,-3.15193,0.809424,-0.0207523,-0.00529964,0.809708,0,842,1
18.853,0.416343,0,18.8576,3.04561,0.5,0,12,6.23216,3.04561,0.804141,0.0202573,0.00799419,0.804436,0,843,1
18.8603,-0.415859,0,18.8649,2.51652,0.5,0,12,5.29369,-2.51404,0.810329,-0.0168793,-0.0072378,0.810537,0,844,1
18.8603,0.416063,0,18.8649,2.81465,0.5,0,12,4.95529,2.81391,0.80436,0.0165013,0.0076799,0.804566,0,845,1
18.8676,-0.415582,0,18.8722,2.07607,0.5,0,12,5.51434,-2.0188,0.8124,-0.010777,-0.00759645,0.812507,0,846,1
18.8676,0.415815,0,18.8722,2.53123,0.5,0,12,3.80412,2.514,0.806518,0.0137439,0.00732582,0.806668,0,847,1
18.875,-0.415339,0,18.8795,2.02219,0.5,0,12,5.18452,-1.79389,0.813516,-0.00376712,-0.00750499,0.81356,0,848,1
18.875,0.415617,0,18.8795,2.16017,0.5,0,12,3.04377,2.09038,0.809901,0.0103618,0.00639189,0.809992,0,849,1
18.8823,-0.415138,0,18.8869,2.09654,0.5,0,12,4.84062,-1.94691,0.813602,0.00236073,-0.00713112,0.813637,0,850,1
18.8823,0.41565,0,18.8869,1.84202,0.5,0,12,1.94262,1.84202,0.810831,0.00517568,0.0030246,0.810853,0,851,1
18.8896,-0.414992,0,18.8942,2.27029,0.5,0,12,4.41768,-2.25124,0.812331,0.00589788,-0.0065673,0.812379,0,852,1
18.8896,0.415637,0,18.8942,2.09705,0.5,0,12,1.50217,2.09705,0.814859,-0.000517138,-0.000336705,0.814859,0,853,1
18.897,-0.414909,0,18.9015,2.40617,0.5,0,12,3.88171,-2.40617,0.810883,0.00690417,-0.00587342,0.810934,0,854,1
18.897,0.415273,0,18.9015,2.5228,0.5,0,12,2.04246,2.5228,0.817821,-0.0045007,-0.000904093,0.817834,0,855,1
18.9043,-0.414886,0,18.9088,2.34979,0.5,0,12,3.50655,-2.34979,0.809722,0.00737172,-0.00462883,0.809769,0,856,1
18.9043,0.414514,0,18.9088,2.28054,0.5,0,12,3.45525,2.28054,0.811675,-0.00794145,0.00104475,0.811715,0,857,1
18.9116,-0.414911,0,18.9162,2.22117,0.5,0,12,3.25398,-2.22117,0.807444,0.00883615,-0.00330845,0.807499,0,858,1
18.9116,0.414524,0,18.9162,1.96747,0.5,0,12,3.91612,1.96747,0.803612,-0.00860584,0.00296456,0.803664,0,859,1
18.919,-0.414992,0,18.9235,2.21104,0.5,0,12,3.21887,-2.21104,0.806128,0.0114622,-0.00297105,0.806215,0,860,1
18.919,0.414606,0,18.9235,1.89988,0.5,0,12,3.34602,1.89988,0.798801,-0.0106531,0.00520616,0.798889,0,861,1
18.9263,-0.415336,0,18.9309,2.4401,0.5,0,12,3.4404,-2.4401,0.804898,0.0145755,-0.00259788,0.805035,0,862,1
18.9263,0.414743,0,18.9308,2.08101,0.5,0,12,2.36719,2.08101,0.795507,-0.0124901,0.00612602,0.795628,0,863,1
18.9336,-0.415509,0,18.9382,2.85395,0.5,0,12,4.15762,-2.85395,0.803748,0.0179215,-0.00138388,0.803949,0,864,1
18.9336,0.414924,0,18.9382,2.23203,0.5,0,12,2.06801,2.23203,0.791564,-0.0139214,0.00606136,0.79171,0,865,1
18.941,-0.415657,0,18.9455,3.27384,0.5,0,12.1782,4.82538,-3.27384,0.798787,0.0202035,-0.00057615,0.799042,0,866,1
18.941,0.415129,0,18.9455,2.47484,0.5,0,12,2.34972,2.47484,0.785318,-0.0161791,0.00597044,0.785507,0,867,1
18.9483,-0.415443,0,18.9529,3.47605,0.5,0,12,4.05556,-3.47605,0.790611,0.0242083,-0.000558064,0.790982,0,868,1
18.9483,0.415338,0,18.9529,2.88069,0.5,0,12,2.60928,2.88069,0.781742,-0.0187934,0.00475816,0.781982,0,869,1
18.9556,-0.41575,0,18.9602,3.53231,0.5,0,12,3.89791,-3.53231,0.780555,0.0227946,-0.000846423,0.780888,0,870,1
18.9556,0.41553,0,18.9602,3.43399,0.5,0,12,3.18698,3.43399,0.779742,-0.0204154,0.00258366,0.780014,0,871,1
18.963,-0.415731,0,18.9675,3.93593,0.5,0,12,2.61709,-3.93593,0.775015,0.0197581,-0.000655063,0.775267,0,872,1
18.963,0.415716,0,18.9675,3.93807,0.5,0,12,3.41469,3.93807,0.774577,-0.0204761,0.00078737,0.774848,0,873,1
18.9703,-0.415698,0,18.9749,4.37121,0.5,0,12.1792,1.37865,-4.37121,0.770677,0.0153053,0.00107344,0.770829,0,874,1
18.9703,0.416027,0,18.9749,4.31087,0.5,0,12,2.67213,4.31087,0.769682,-0.0190342,-0.000246123,0.769917,0,875,1
18.9776,-0.415602,0,18.9822,4.49873,0.5,0,12.188,1.33405,-4.49873,0.767107,0.013037,0.00195109,0.767221,0,876,1
18.9776,0.416187,0,18.9822,4.77257,0.5,0,12,2.02957,4.77257,0.768214,-0.0170006,-0.000908306,0.768403,0,877,1
18.985,-0.415878,0,18.9895,4.95089,0.5,0,12,0.695162,-4.95089,0.765156,0.0122909,0.00224183,0.765258,0,878,1
18.985,0.416128,0,18.9895,5.49277,0.5,0,12,1.22472,5.49277,0.76681,-0.013913,-0.00208724,0.766939,0,879,1
18.9923,-0.416246,0,18.9969,5.35791,0.5,0,12,0.127863,-5.35791,0.761394,0.00978492,0.00132599,0.761458,0,880,1
18.9923,0.416179,0,18.9969,6.0769,0.5,0,12,0.30785,6.0769,0.764898,-0.00749892,-0.00235762,0.764939,0,881,1
18.9996,-0.416161,0,19.0042,5.73583,0.5,0,12,-1.16988,-5.73583,0.758217,0.00679366,0.000259913,0.758247,0,882,1
18.9996,0.416388,0,19.0042,6.041,0.5,0,12,0.691657,6.041,0.763031,-0.00101267,-0.000972128,0.763032,0,883,1
19.007,-0.415948,0,19.0115,6.20723,0.5,0,12,-2.90753,-6.20723,0.75477,0.00118725,-0.000580492,0.754771,0,884,1
19.007,0.416403,0,19.0115,5.85798,0.5,0,12,0.802825,5.85798,0.761539,0.00321186,0.000185046,0.761546,0,885,1
19.0143,-0.416163,0,19.0189,6.48518,0.5,0,12,-3.53074,-6.48518,0.758387,-0.00619216,-0.00102268,0.758413,0,886,1
19.0143,0.41625,0,19.0189,5.93974,0.5,0,12,-0.271756,5.93974,0.761206,0.0058487,0.000290836,0.761229,0,887,1
19.0216,-0.416095,0,19.0262,6.6362,0.5,0,12.1564,-2.44086,-6.6362,0.762156,-0.0110397,-0.00143639,0.762237,0,888,1
19.0216,0.416189,0,19.0262,6.20573,0.5,0,12,-1.63122,6.20573,0.761818,0.00899327,-0.000441326,0.761871,0,889,1
19.029,-0.415713,0,19.0335,6.92164,0.5,0,12.1871,-1.55894,-6.92164,0.767264,-0.0147691,-0.00173952,0.767408,0,890,1
19.029,0.416189,0,19.0335,6.50495,0.5,0,12,-2.328,6.50495,0.763663,0.0135203,-0.000665387,0.763783,0,891,1
19.0363,-0.415622,0,19.0408,7.2115,0.5,0,12,-1.47686,-7.2115,0.775873,-0.0179373,-0.00185913,0.776083,0,892,1
19.0363,0.415961,0,19.0409,6.76771,0.5,0,12,-2.06293,6.76771,0.768291,0.0178721,-0.000595636,0.768499,0,893,1
19.0436,-0.415682,0,19.0482,7.54979,0.5,0,12,-2.19192,-7.54979,0.780483,-0.0214896,-0.00229217,0.780782,0,894,1
19.0436,0.415795,0,19.0482,7.0786,0.5,0,12,-2.13849,7.0786,0.774426,0.021801,-0.000221165,0.774733,0,895,1
19.051,-0.415596,0,19.0555,7.73948,0.5,0,12,-2.85782,-7.73948,0.785598,-0.0258688,-0.0029741,0.78603,0,896,1
19.051,0.415677,0,19.0555,7.25814,0.5,0,12,-2.11642,7.25814,0.780059,0.025418,0.000289627,0.780473,0,897,1
19.0583,-0.415441,0,19.0628,7.65784,0.5,0,12,-2.47733,-7.65784,0.791003,-0.0297782,-0.00342984,0.791571,0,898,1
19.0583,0.415427,0,19.0628,7.21056,0.5,0,12,-1.46866,7.21056,0.785724,0.0283997,0.000796885,0.786238,0,899,1
19.0656,-0.415166,0,19.0702,7.37738,0.5,0,12,-1.60697,-7.37738,0.796733,-0.032768,-0.00341828,0.797414,0,900,1
19.0656,0.415139,0,19.0702,7.10776,0.5,0,12,-1.17681,7.10776,0.791212,0.0303534,0.00101541,0.791795,0,901,1
19.073,-0.414857,0,19.0775,7.04594,0.5,0,12,-0.617128,-7.04594,0.802302,-0.0344195,-0.00311014,0.803046,0,902,1
19.073,0.414803,0,19.0775,6.98971,0.5,0,12,-0.99711,6.98971,0.795952,0.0317882,0.00127301,0.796587,0,903,1
19.0803,-0.414517,0,19.0848,6.74689,0.5,0,12,0.204582,-6.74689,0.807699,-0.0348552,-0.00281351,0.808456,0,904,1
19.0803,0.415071,0,19.0848,7.26574,0.5,0,12.4654,-0.929584,7.26574,0.789174,0.0334274,0.00191651,0.789884,0,905,1
19.0876,-0.414149,0,19.0921,6.50426,0.5,0,12,0.685794,-6.50426,0.813083,-0.0345145,-0.00271862,0.81382,0,906,1
19.0876,0.414065,0,19.0921,6.49506,0.5,0,12,0.129767,6.49506,0.8055,0.0334105,0.00240312,0.806196,0,907,1
19.095,-0.413757,0,19.0995,6.30761,0.5,0,12,0.63297,-6.30761,0.818597,-0.0338579,-0.00274658,0.819301,0,908,1
19.095,0.4137,0,19.0995,6.73589,0.5,0,12,-0.49723,6.73589,0.811549,0.0341113,0.00266443,0.81227,0,909,1
19.1023,-0.413346,0,19.1068,6.11609,0.5,0,12,0.176999,-6.11609,0.824274,-0.0334798,-0.00275217,0.824958,0,910,1
19.1023,0.413294,0,19.1068,6.72839,0.5,0,12,-1.10121,6.72839,0.818423,0.0361089,0.00256706,0.819223,0,911,1
19.1096,-0.412921,0,19.1141,5.82184,0.5,0,12,0.101104,-5.82184,0.829872,-0.0335596,-0.00249858,0.830554,0,912,1
19.1096,0.412872,0,19.1141,6.29926,0.5,0,12,-0.530389,6.29926,0.825396,0.0387628,0.00223324,0.826308,0,913,1
19.117,-0.412488,0,19.1214,5.36164,0.5,0,12,0.483172,-5.36164,0.834842,-0.0334548,-0.0019027,0.835515,0,914,1
19.117,0.412435,0,19.1214,5.56634,0.5,0,12,0.288483,5.56634,0.831513,0.0392593,0.00159775,0.832441,0,915,1
19.1243,-0.41205,0,19.1288,4.78205,0.5,0,12,0.898732,-4.78205,0.839852,-0.0323951,-0.00102227,0.840477,0,916,1
19.1243,0.411991,0,19.1288,4.89241,0.5,0,12,0.729715,4.89241,0.837201,0.03769,0.000787126,0.838049,0,917,1
19.1316,-0.411613,0,19.1361,4.22381,0.5,0,12,1.27078,-4.22381,0.844532,-0.0299447,-3.61205e-06,0.845063,0,918,1
19.1316,0.411546,0,19.1361,4.32885,0.5,0,12,1.22603,4.32885,0.842471,0.0349303,6.5597e-05,0.843195,0,919,1
19.139,-0.411176,0,19.1434,3.87301,0.5,0,12,1.59826,-3.87301,0.848411,-0.0264234,0.000707274,0.848822,0,920,1
19.1388,0.411111,0,19.1432,3.90667,0.5,0,12,1.56536,3.90667,0.847099,0.0312774,-5.88819e-05,0.847676,0,921,1
19.1401,-0.411111,0,19.1445,3.86479,0.5,0,12,1.63771,-3.86479,0.848911,-0.025864,0.000750538,0.849305,0,922,1
19.139,0.411099,0,19.1434,3.8969,0.5,0,12,1.57292,3.8969,0.847195,0.031168,-6.54782e-05,0.847768,0,923,1
19.1463,0.410684,0,19.1507,3.79367,0.5,0,12,1.64703,3.79367,0.850281,0.0267628,0.000415663,0.850702,0,924,1
19.1463,-0.410762,0,19.1507,3.90193,0.5,0,12,1.82679,-3.90193,0.850809,-0.0225641,0.000956162,0.851109,0,925,1
19.1537,-0.410394,0,19.158,4.23682,0.5,0,12,1.8716,-4.23682,0.853311,-0.0196772,0.000891909,0.853538,0,926,1
19.1537,0.410317,0,19.158,4.00234,0.5,0,12,1.64749,4.00234,0.853491,0.0227523,0.000787178,0.853795,0,927,1
19.161,-0.410064,0,19.1654,4.68671,0.5,0,12,1.72415,-4.68671,0.856897,-0.0179759,0.000682877,0.857086,0,928,1
19.161,0.409985,0,19.1654,4.42203,0.5,0,12,1.52594,4.42203,0.857855,0.0195578,0.000828258,0.858078,0,929,1
19.1683,-0.409749,0,19.1727,5.04795,0.5,0,12,1.46916,-5.04795,0.861831,-0.0169563,0.000471626,0.861998,0,930,1
19.1683,0.409665,0,19.1727,4.8873,0.5,0,12,1.29915,4.8873,0.863402,0.0173717,0.000642712,0.863577,0,931,1
19.1757,-0.409436,0,19.18,5.20329,0.5,0,12,1.27737,-5.20329,0.867438,-0.0156736,0.000317436,0.86758,0,932,1
19.1757,0.409349,0,19.18,5.23551,0.5,0,12,1.15838,5.23551,0.869429,0.0158935,0.000288192,0.869574,0,933,1
19.183,-0.409122,0,19.1873,5.21644,0.5,0,12,1.25609,-5.21644,0.872821,-0.0133427,0.00012966,0.872923,0,934,1
19.183,0.409036,0,19.1873,5.36626,0.5,0,12,1.19563,5.36626,0.875197,0.0142906,-0.000192295,0.875314,0,935,1
19.1903,-0.408805,0,19.1947,5.14315,0.5,0,12,1.43381,-5.14315,0.87761,-0.0104118,-1.18624e-05,0.877671,0,936,1
19.1903,0.408723,0,19.1947,5.31646,0.5,0,12,1.38432,5.31646,0.88012,0.0118297,-0.000677719,0.8802,0,937,1
19.1977,-0.408454,0,19.202,4.96192,0.5,0,12,1.59443,-4.96192,0.881416,-0.00688473,8.47587e-05,0.881443,0,938,1
19.1977,0.408409,0,19.202,5.23088,0.5,0,12,1.65569,5.23088,0.88357,0.00861501,-0.00100425,0.883612,0,939,1
19.205,-0.408206,0,19.2093,5.28682,0.5,0,12.1804,1.43011,-5.28682,0.881042,-0.0031183,0.000397702,0.881048,0,940,1
19.205,0.408087,0,19.2093,5.152,0.5,0,12,2.09033,5.152,0.885368,0.0057511,-0.00117604,0.885387,0,941,1
19.2123,-0.407699,0,19.2167,5.27478,0.5,0,12.2105,1.97831,-5.27478,0.881935,-0.00104895,0.00184199,0.881937,0,942,1
19.2123,0.407732,0,19.2167,5.0109,0.5,0,12,2.768,5.0109,0.886162,0.00340703,-0.00142285,0.88617,0,943,1
19.2197,-0.407279,0,19.224,4.8112,0.5,0,12,2.94792,-4.8112,0.885889,-0.000625034,0.00120341,0.88589,0,944,1
19.2197,0.407396,0,19.224,4.91011,0.5,0,12,3.40383,4.91011,0.886341,0.0014571,-0.00165867,0.886344,0,945,1
19.227,-0.407571,0,19.2313,5.03307,0.5,0,12.2103,2.58035,-5.03307,0.879788,0.000516485,0.00308285,0.879793,0,946,1
19.227,0.40754,0,19.2313,5.15728,0.5,0,12.2107,3.02469,5.15728,0.882003,0.00204338,-0.000215371,0.882005,0,947,1
19.2343,-0.406893,0,19.2386,5.09102,0.5,0,12,3.52546,-5.09102,0.882982,0.00138717,0.00248738,0.882987,0,948,1
19.2343,0.406825,0,19.2386,4.56985,0.5,0,12,4.27313,4.56985,0.884669,0.00131158,-0.000544851,0.88467,0,949,1
19.2417,-0.406623,0,19.246,5.31797,0.5,0,12,3.01811,-5.31797,0.882383,-0.00242759,0.00290592,0.882391,0,950,1
19.2417,0.406576,0,19.246,4.51026,0.5,0,12,4.21226,4.51026,0.884001,0.000531832,-0.000516189,0.884002,0,951,1
19.249,-0.406299,0,19.2533,4.84517,0.5,0,12,3.43221,-4.84517,0.881957,-0.00571718,0.00320954,0.881982,0,952,1
19.249,0.406292,0,19.2533,4.53278,0.5,0,12,3.74983,4.53278,0.884213,-0.000246188,-0.00104884,0.884213,0,953,1
19.2563,-0.406077,0,19.2606,4.3089,0.5,0,12,4.01216,-4.3089,0.881661,-0.0062743,0.0034977,0.881691,0,954,1
19.2563,0.406247,0,19.2606,5.05709,0.5,0,12.3259,2.28602,5.05709,0.882317,0.00277174,-0.00207598,0.882324,0,955,1
19.2637,-0.405601,0,19.2679,4.0969,0.5,0,12.3835,3.48996,-4.0969,0.881784,-0.00625846,0.00242317,0.88181,0,956,1
19.2637,0.4057,0,19.2679,4.88887,0.5,0,12.385,2.57863,4.88887,0.8856,0.00305335,-0.00275572,0.88561,0,957,1
19.271,-0.405559,0,19.2753,4.53605,0.5,0,12,3.59832,-4.53605,0.883305,-0.00363299,0.00337775,0.883319,0,958,1
19.271,0.405394,0,19.2753,4.84507,0.5,0,12,3.29625,4.84507,0.889873,0.00357567,-0.00382797,0.889888,0,959,1
19.2783,-0.404764,0,19.2826,4.79345,0.5,0,11.9357,2.81544,-4.79345,0.884842,-0.00710973,0.00286754,0.884875,0,960,1
19.2783,0.404951,0,19.2826,4.94665,0.5,0,12,2.85409,4.94665,0.892599,0.00609354,-0.00484237,0.892633,0,961,1
19.2857,-0.404416,0,19.2899,5.00066,0.5,0,11.9545,2.27301,-5.00066,0.887369,-0.0119261,0.00226027,0.887452,0,962,1
19.2816,0.404372,0,19.2858,5.07438,0.5,0,12.1236,2.13972,5.07438,0.895321,0.00786121,-0.00563181,0.895373,0,963,1
19.2814,0.404461,0,19.2856,5.06173,0.5,0,12.1024,2.21561,5.06173,0.894914,0.00786539,-0.00557866,0.894966,0,964,1
19.293,-0.40395,0,19.2972,4.78996,0.5,0,12,2.61414,-4.78996,0.889895,-0.0174878,0.00190527,0.890069,0,965,1
19.2841,0.403704,0,19.2883,5.21754,0.5,0,12.2811,1.38922,5.21754,0.898521,0.00896025,-0.00685217,0.898592,0,966,1
19.2857,0.403051,0,19.2899,5.35454,0.5,0,12.4119,0.783411,5.35454,0.899305,0.00896905,-0.00719361,0.899379,0,967,1
19.2873,0.403704,0,19.2915,5.43238,0.5,0,12.2808,0.521401,5.43238,0.898197,0.0117409,-0.00717047,0.898302,0,968,1
19.2898,0.404154,0,19.294,5.42531,0.5,0,12.1234,0.579956,5.42531,0.895498,0.0149281,-0.00640214,0.895646,0,969,1
19.2964,-0.403704,0,19.3006,4.55714,0.5,0,12,2.79695,-4.55714,0.890529,-0.0189766,0.00185941,0.890734,0,970,1
19.2899,0.404232,0,19.2942,5.42208,0.5,0,12.1022,0.598868,5.42208,0.895083,0.0151754,-0.00637723,0.895235,0,971,1
19.293,0.40436,0,19.2972,5.38717,0.5,0,12,0.688602,5.38717,0.893853,0.0186475,-0.00617459,0.894069,0,972,1
19.2969,0.403704,0,19.3012,5.18372,0.5,0,12,0.879155,5.18372,0.896362,0.0222487,-0.00632248,0.896661,0,973,1
19.3003,-0.403428,0,19.3045,4.29725,0.5,0,12,2.97134,-4.29725,0.890488,-0.0206778,0.00179522,0.89073,0,974,1
19.3033,-0.403442,0,19.3075,4.28424,0.5,0,11.9062,2.40811,-4.28424,0.891688,-0.0208057,0.00154497,0.891932,0,975,1
19.3034,-0.403458,0,19.3076,4.29055,0.5,0,11.8972,2.36854,-4.29055,0.891774,-0.020757,0.00153628,0.892017,0,976,1
19.3003,0.403197,0,19.3045,5.03644,0.5,0,12,0.947527,5.03644,0.896399,0.0246863,-0.00623395,0.89676,0,977,1
19.3077,0.402697,0,19.3119,4.78859,0.5,0,12,0.438516,4.78859,0.897444,0.0283383,-0.00487597,0.897905,0,978,1
19.3062,-0.403704,0,19.3104,4.37274,0.5,0,11.7003,1.44071,-4.37274,0.893939,-0.0199486,0.00151211,0.894163,0,979,1
19.3077,-0.403987,0,19.3119,4.4917,0.5,0,11.5382,0.718725,-4.4917,0.894678,-0.0189328,0.00130625,0.894879,0,980,1
19.3097,-0.403704,0,19.314,4.53626,0.5,0,11.5,0.558602,-4.53626,0.894449,-0.019681,0.00123968,0.894667,0,981,1
19.315,-0.403124,0,19.3192,4.60337,0.5,0,11.5,-0.0518928,-4.60337,0.894003,-0.0218679,9.35429e-05,0.89427,0,982,1
19.315,0.40211,0,19.3192,4.88087,0.5,0,12,-0.713347,4.88087,0.900626,0.0323033,-0.00303998,0.90121,0,983,1
19.3176,-0.402615,1.0842e-19,19.3218,4.54279,0.5,0,11.6857,-0.121738,-4.54279,0.896729,-0.0244025,-0.000280046,0.897061,0,984,1
19.3186,-0.402528,1.0842e-19,19.3228,4.57399,0.5,0,11.6857,-0.297749,-4.57399,0.897753,-0.0248663,-7.35626e-05,0.898097,0,985,1
19.3223,0.401366,0,19.3265,4.83959,0.5,0,12,-0.74087,4.83959,0.906744,0.0370875,-0.00154769,0.907504,0,986,1
19.3223,-0.401734,0,19.3265,4.45077,0.5,0,12,-0.303774,-4.45077,0.901707,-0.0288109,-0.000815162,0.902168,0,987,1
19.3297,-0.401152,0,19.3338,4.49589,0.5,0,12.1734,0.253051,-4.49589,0.908781,-0.0311913,0.000514896,0.909317,0,988,1
19.3297,0.400489,0,19.3338,4.65023,0.5,0,12,-0.255463,4.65023,0.914657,0.0405582,-0.000290024,0.915556,0,989,1
19.337,-0.400523,0,19.3412,4.68772,0.5,0,12.2135,0.0834626,-4.68772,0.917574,-0.0342469,0.00102959,0.918213,0,990,1
19.337,0.399875,0,19.3411,4.39275,0.5,0,12,-0.0378536,4.39275,0.92309,0.0433945,-0.000281739,0.92411,0,991,1
19.3443,-0.400036,0,19.3485,4.72338,0.5,0,12,0.103373,-4.72338,0.929642,-0.0379477,0.0010696,0.930417,0,992,1
19.3443,0.399319,0,19.3485,4.11075,0.5,0,12,0.617567,4.11075,0.932193,0.0441324,-0.00107291,0.933237,0,993,1
19.3517,-0.399219,0,19.3558,4.53255,0.5,0,12,0.744195,-4.53255,0.939438,-0.0398643,0.00128693,0.940285,0,994,1
19.3517,0.399121,0,19.3558,4.0247,0.5,0,12,1.34247,4.0247,0.942192,0.0422249,-0.000836694,0.943138,0,995,1
19.359,-0.397722,0,19.3631,4.22365,0.5,0,12,1.59146,-4.22365,0.951889,-0.0406725,0.00119505,0.952758,0,996,1
19.359,0.398762,0,19.3631,4.11028,0.5,0,12,1.41372,4.11028,0.951337,0.0404229,-0.000329012,0.952195,0,997,1
19.3663,-0.39786,0,19.3704,4.05951,0.5,0,12,1.68365,-4.05951,0.959802,-0.0394893,0.00230283,0.960617,0,998,1
19.3663,0.398083,0,19.3704,4.06712,0.5,0,12,1.59529,4.06712,0.960176,0.0388713,-0.000663779,0.960963,0,999,1
19.3737,-0.39766,0,19.3778,3.88128,0.5,0,12,1.60704,-3.88128,0.967129,-0.0377177,0.00280724,0.967869,0,1000,1
19.3737,0.39742,0,19.3777,3.94774,0.5,0,12,1.62601,3.94774,0.968494,0.0366923,-0.00115262,0.969189,0,1001,1
19.381,-0.39698,0,19.3851,3.71531,0.5,0,12,1.42036,-3.71531,0.975113,-0.0349934,0.00264924,0.975744,0,1002,1
19.381,0.39675,0,19.3851,3.83327,0.5,0,12,1.30369,3.83327,0.975763,0.0342076,-0.00119332,0.976363,0,1003,1
19.3851,-0.396594,0,19.3892,3.71808,0.5,0,12,1.40689,-3.71808,0.978728,-0.0336112,0.00260864,0.979309,0,1004,1
19.3856,-0.396554,0,19.3896,3.72098,0.5,0,12,1.40148,-3.72098,0.979102,-0.0334719,0.00254978,0.979677,0,1005,1
19.386,0.396296,0,19.39,3.74309,0.5,0,12,1.51899,3.74309,0.980015,0.0327706,-0.000851135,0.980563,0,1006,1
19.3883,-0.396296,0,19.3924,3.72448,0.5,0,12,1.38998,-3.72448,0.981519,-0.0325501,0.00248899,0.982061,0,1007,1
19.3883,-0.396295,0,19.3924,3.72484,0.5,0,12,1.38984,-3.72484,0.981528,-0.0325471,0.00248746,0.98207,0,1008,1
19.3911,-0.396062,0,19.3952,3.84616,0.5,0,12,1.65029,-3.84616,0.983476,-0.0321093,0.00254934,0.984003,0,1009,1
19.3915,-0.396026,0,19.3956,3.86692,0.5,0,12,1.69261,-3.86692,0.983776,-0.0320414,0.00248093,0.984301,0,1010,1
19.3883,0.396087,0,19.3924,3.75228,0.5,0,12,1.62908,3.75228,0.981722,0.0322527,-0.000625742,0.982252,0,1011,1
19.3957,0.395511,0,19.3997,3.72989,0.5,0,12,2.63516,3.72989,0.987194,0.0305517,9.67878e-07,0.987666,0,1012,1
19.3957,-0.395678,0,19.3997,4.04649,0.5,0,12,2.08017,-4.04649,0.986692,-0.0313873,0.00264959,0.987194,0,1013,1
19.403,-0.395263,0,19.407,4.4021,0.5,0,12,2.71299,-4.4021,0.993318,-0.0306746,0.00320794,0.993797,0,1014,1
19.403,0.394987,0,19.407,3.76013,0.5,0,12,3.19473,3.76013,0.993489,0.02844,0.000248492,0.993896,0,1015,1
19.4103,-0.393602,0,19.4143,4.61658,0.5,0,11.7784,3.13795,-4.61658,0.998873,-0.0330814,0.00301835,0.999426,0,1016,1
19.4103,0.394469,0,19.4143,3.89126,0.5,0,12,3.18057,3.89126,0.999853,0.0264471,0.000345313,1.0002,0,1017,1
19.4177,-0.393545,0,19.4217,4.52503,0.5,0,11.7862,3.38852,-4.52503,1.00517,-0.0301903,0.00241569,1.00563,0,1018,1
19.4177,0.393917,0,19.4217,4.04662,0.5,0,12,3.19885,4.04662,1.00546,0.0246824,-9.42696e-05,1.00576,0,1019,1
19.425,-0.39185,0,19.429,4.03995,0.5,0,11.6003,2.86296,-4.03995,1.00834,-0.0320855,0.00185824,1.00885,0,1020,1
19.425,0.393541,0,19.429,4.30328,0.5,0,12.1715,3.09882,4.30328,1.00796,0.0213696,-0.00137944,1.00819,0,1021,1
19.4323,-0.391664,0,19.4363,3.85685,0.5,0,11.6254,1.76874,-3.85685,1.01338,-0.0278095,0.00197135,1.01377,0,1022,1
19.4323,0.392791,0,19.4363,3.79888,0.5,0,12,3.00219,3.79888,1.01614,0.0183298,0.00024221,1.01631,0,1023,1
19.4397,-0.393181,0,19.4437,4.55471,0.5,0,12,0.678007,-4.55471,1.02418,-0.020978,0.00259721,1.02439,0,1024,1
19.4397,0.392881,0,19.4436,4.48774,0.5,0,12.2026,1.47255,4.48774,1.0154,0.0110462,-8.45024e-05,1.01546,0,1025,1
19.447,-0.391985,0,19.451,3.79879,0.5,0,12,0.955416,-3.79879,1.02588,-0.018452,0.00284293,1.02605,0,1026,1
19.447,0.392044,0,19.451,3.94056,0.5,0,12,-0.418058,3.94056,1.02283,0.00953104,0.00134257,1.02288,0,1027,1
19.4543,-0.391816,0,19.4583,3.77475,0.5,0,12.2857,1.31385,-3.77475,1.02476,-0.0144428,0.00341891,1.02486,0,1028,1
19.4543,0.39082,0,19.4583,3.47259,0.5,0,11.7394,0.00411199,3.47259,1.01764,0.0082682,0.00177712,1.01768,0,1029,1
19.4617,-0.391106,0,19.4656,2.9188,0.5,0,12,3.25735,-2.9188,1.02703,-0.00910051,0.00359374,1.02708,0,1030,1
19.4617,0.39061,0,19.4656,3.50696,0.5,0,11.7676,1.17156,3.50696,1.01815,0.00707215,0.0020488,1.01818,0,1031,1
19.469,-0.390706,0,19.4729,2.88223,0.5,0,12,5.01333,-2.88223,1.02684,-0.00512899,0.00408859,1.02686,0,1032,1
19.469,0.390773,0,19.4729,3.5912,0.5,0,12,2.64141,3.5912,1.02326,0.00833007,0.0028925,1.02329,0,1033,1
19.4728,-0.389905,0,19.4767,2.68049,0.5,0,12.2293,5.42775,-2.68049,1.02876,-0.00475765,0.00498326,1.02879,0,1034,1
19.4729,-0.389902,0,19.4768,2.67956,0.5,0,12.2293,5.44072,-2.67956,1.02872,-0.00475717,0.00500003,1.02874,0,1035,1
19.4763,0.39023,0,19.4803,3.06941,0.5,0,12,4.4273,3.06941,1.01905,0.00950526,0.00319034,1.0191,0,1036,1
19.4763,-0.388971,-4.33681e-19,19.4802,2.47546,0.5,0,12.5,5.79388,-2.47546,1.03142,-0.00434682,0.00630716,1.03145,0,1037,1
19.4799,-0.389645,0,19.4838,2.62533,0.5,0,12.2155,6.25846,-2.62533,1.02463,-0.00558586,0.00443249,1.02466,0,1038,1
19.48,-0.389639,0,19.4839,2.6201,0.5,0,12.2155,6.26477,-2.6201,1.02459,-0.00562573,0.00443441,1.02461,0,1039,1
19.4837,0.389745,0,19.4876,2.4825,0.5,0,12,4.93807,2.4825,1.01638,0.0117547,0.00344705,1.01646,0,1040,1
19.4837,-0.390055,0,19.4876,2.66534,0.5,0,12,6.62359,-2.66534,1.01915,-0.00707811,0.00351115,1.01918,0,1041,1
19.491,-0.38907,0,19.4949,2.19867,0.5,0,12,7.06538,-2.19867,1.01857,-0.0107923,0.00302517,1.01863,0,1042,1
19.491,0.389156,0,19.4949,2.12627,0.5,0,12,4.44104,2.12627,1.01529,0.0136833,0.00341383,1.01539,0,1043,1
19.4938,-0.388889,0,19.4977,2.12291,0.5,0,12,6.83202,-2.12291,1.01779,-0.0117461,0.00276678,1.01786,0,1044,1
19.4953,0.388889,0,19.4992,2.04369,0.5,0,12,3.76393,2.04369,1.01595,0.0147112,0.00329753,1.01606,0,1045,1
19.4984,-0.388611,0,19.5022,2.06525,0.5,0,12,6.42969,-2.06525,1.01566,-0.013034,0.00228911,1.01574,0,1046,1
19.5057,-0.388186,0,19.5095,2.19896,0.5,0,12,4.24164,-2.19896,1.01425,-0.0157324,0.0015297,1.01437,0,1047,1
19.4984,0.388706,0,19.5022,2.01677,0.5,0,12,3.27053,2.01677,1.0159,0.0152858,0.00320142,1.01602,0,1048,1
19.5057,0.388291,0,19.5095,2.05205,0.5,0,12,2.06818,2.05205,1.01821,0.015926,0.00310675,1.01834,0,1049,1
19.513,-0.387759,0,19.5169,2.23965,0.5,0,12,1.94461,-2.23965,1.01558,-0.0186661,0.00132065,1.01575,0,1050,1
19.513,0.387866,0,19.5169,2.20401,0.5,0,12,1.53735,2.20401,1.02097,0.0158134,0.0034156,1.0211,0,1051,1
19.5204,-0.387308,0,19.5242,2.32193,0.5,0,12,0.754087,-2.32193,1.01944,-0.0203369,0.00146388,1.01965,0,1052,1
19.5204,0.387382,0,19.5242,2.54722,0.5,0,12,1.63322,2.54722,1.02433,0.0155246,0.00362302,1.02446,0,1053,1
19.5277,-0.386806,0,19.5315,2.50433,0.5,0,12,0.357379,-2.50433,1.02455,-0.0218746,0.00112833,1.02478,0,1054,1
19.5277,0.386912,0,19.5315,3.05447,0.5,0,12,2.04236,3.05447,1.0296,0.0155902,0.00290969,1.02972,0,1055,1
19.535,-0.386248,0,19.5388,2.63469,0.5,0,12,0.238878,-2.63469,1.03035,-0.0238893,0.000695666,1.03063,0,1056,1
19.535,0.386452,0,19.5388,3.38281,0.5,0,12,1.85228,3.38281,1.03349,0.0174183,0.0024939,1.03364,0,1057,1
19.5424,-0.385616,0,19.5462,2.71456,0.5,0,12,0.475928,-2.71456,1.03744,-0.0252885,4.13441e-05,1.03774,0,1058,1
19.5424,0.38608,0,19.5462,3.47768,0.5,0,12,0.879255,3.47768,1.03704,0.0198187,0.00257013,1.03724,0,1059,1
19.5497,-0.385,0,19.5535,2.89657,0.5,0,12,0.702389,-2.89657,1.04608,-0.0252316,-0.000623741,1.04639,0,1060,1
19.5497,0.385679,0,19.5535,3.58292,0.5,0,12,0.147952,3.58292,1.04225,0.0217989,0.00220208,1.04248,0,1061,1
19.557,-0.384778,0,19.5608,3.27261,0.5,0,12,0.978575,-3.27261,1.05624,-0.0247608,-0.000923766,1.05653,0,1062,1
19.557,0.385157,0,19.5608,3.81338,0.5,0,12,-0.19696,3.81338,1.04964,0.0241957,0.00178667,1.04992,0,1063,1
19.5644,-0.384478,0,19.5681,3.70306,0.5,0,12,0.929382,-3.70306,1.06548,-0.0237144,-0.000816464,1.06574,0,1064,1
19.5644,0.3846,0,19.5681,4.25804,0.5,0,12,-0.0623043,4.25804,1.06021,0.0267378,0.00156947,1.06055,0,1065,1
19.5717,-0.384017,0,19.5755,4.35449,0.5,0,12.328,-0.0112465,-4.35449,1.07193,-0.0210163,0.000111138,1.07213,0,1066,1
19.5717,0.384,0,19.5755,4.84355,0.5,0,12,-0.697024,4.84355,1.07245,0.0295635,0.00114142,1.07286,0,1067,1
19.579,-0.383549,0,19.5828,5.14604,0.5,0,12,-1.88846,-5.14604,1.07975,-0.0247582,0.000373419,1.08003,0,1068,1
19.579,0.383352,0,19.5828,5.24565,0.5,0,12,-1.90251,5.24565,1.08287,0.0329107,0.000771937,1.08337,0,1069,1
19.5864,-0.382588,0,19.5901,5.66932,0.5,0,12,-2.52256,-5.66932,1.08572,-0.0286712,0.000715886,1.08609,0,1070,1
19.5864,0.382657,0,19.5901,5.35664,0.5,0,12,-1.63344,5.35664,1.09053,0.0363805,0.000279494,1.09114,0,1071,1
19.5937,-0.381975,0,19.5974,5.60727,0.5,0,12,-1.48906,-5.60727,1.08877,-0.0334247,0.000948399,1.08929,0,1072,1
19.5937,0.38192,0,19.5974,5.16078,0.5,0,12,-0.0683702,5.16078,1.09635,0.0388431,-0.000547944,1.09704,0,1073,1
19.5962,-0.381775,0,19.6,5.44879,0.5,0,11.9836,-0.802166,-5.44879,1.08961,-0.0335355,0.00103291,1.09013,0,1074,1
19.5963,-0.381678,0,19.6,5.43882,0.5,0,11.9718,-0.779123,-5.43882,1.08976,-0.033496,0.00101684,1.09027,0,1075,1
19.5979,0.381481,0,19.6016,4.96993,0.5,0,12,0.831879,4.96993,1.0994,0.0387229,-0.00116355,1.10008,0,1076,1
19.5977,-0.381481,0,19.6014,5.35052,0.5,0,11.9519,-0.408256,-5.35052,1.0903,-0.03352,0.00105506,1.09082,0,1077,1
19.601,-0.37962,0,19.6047,4.59149,0.5,0,11.7513,0.507866,-4.59149,1.0934,-0.0336322,0.00126691,1.09392,0,1078,1
19.6041,-0.379541,0,19.6078,4.53522,0.5,0,11.7575,0.675186,-4.53522,1.0952,-0.0328773,0.00156691,1.0957,0,1079,1
19.6053,-0.379527,0,19.609,4.50759,0.5,0,11.7594,0.715935,-4.50759,1.09567,-0.0328982,0.00162533,1.09617,0,1080,1
19.601,0.381168,0,19.6047,4.7711,0.5,0,12,1.43131,4.7711,1.1013,0.0385309,-0.00155651,1.10197,0,1081,1
19.6084,0.380484,0,19.612,4.5055,0.5,0,12,2.07599,4.5055,1.10709,0.0356946,-0.00236747,1.10767,0,1082,1
19.6084,-0.379431,0,19.612,4.44572,0.5,0,11.7636,0.879158,-4.44572,1.09748,-0.0321673,0.00192624,1.09795,0,1083,1
19.6157,-0.380337,0,19.6194,5.1207,0.5,0,12,0.22621,-5.1207,1.10601,-0.0309942,0.00259269,1.10644,0,1084,1
19.6157,0.379801,0,19.6194,4.37989,0.5,0,12,1.97102,4.37989,1.11474,0.0328361,-0.00290986,1.11523,0,1085,1
19.623,-0.378987,0,19.6267,4.57489,0.5,0,12,0.272433,-4.57489,1.11535,-0.032696,0.00328259,1.11584,0,1086,1
19.623,0.379091,0,19.6267,4.14863,0.5,0,12,1.48958,4.14863,1.12295,0.030319,-0.0034019,1.12336,0,1087,1
19.6304,-0.378248,0,19.634,3.86415,0.5,0,12,0.583366,-3.86415,1.12293,-0.033003,0.00411213,1.12342,0,1088,1
19.6304,0.378353,0,19.634,3.81506,0.5,0,12,0.9587,3.81506,1.13018,0.0277982,-0.00407834,1.13053,0,1089,1
19.6377,-0.377486,0,19.6413,3.19464,0.5,0,12,0.537381,-3.19464,1.12872,-0.0319236,0.00520814,1.12918,0,1090,1
19.6377,0.377584,0,19.6413,3.40292,0.5,0,12,0.58994,3.40292,1.13567,0.0254466,-0.0048745,1.13597,0,1091,1
19.645,-0.376704,0,19.6486,2.64736,0.5,0,12,0.582262,-2.64736,1.13239,-0.0307312,0.00666637,1.13283,0,1092,1
19.645,0.376784,0,19.6486,2.93309,0.5,0,12,0.620938,2.93309,1.13884,0.0230472,-0.00545602,1.13909,0,1093,1
19.6524,-0.3759,0,19.656,2.09654,0.5,0,12,0.927011,-2.09654,1.13384,-0.029757,0.00824817,1.13426,0,1094,1
19.6524,0.375956,0,19.656,2.53562,0.5,0,12,1.05392,2.53562,1.13947,0.020929,-0.00531883,1.13967,0,1095,1
19.6597,-0.375075,0,19.6633,1.52088,0.5,0,12,1.22253,-1.52088,1.13381,-0.0285748,0.00950441,1.13421,0,1096,1
19.6597,0.375108,0,19.6633,2.28562,0.5,0,12,1.59993,2.28562,1.13797,0.0200958,-0.00384132,1.13816,0,1097,1
19.667,-0.374234,0,19.6706,1.04068,0.5,0,12,1.36431,-1.04068,1.1336,-0.0266847,0.00995687,1.13396,0,1098,1
19.667,0.374251,0,19.6706,2.11303,0.5,0,12,1.73321,2.11303,1.13528,0.0214523,-0.00109464,1.13548,0,1099,1
19.6684,-0.374074,0,19.672,0.987305,0.5,0,12,1.35683,-0.987305,1.13392,-0.0262497,0.00980336,1.13426,0,1100,1
19.6686,0.374074,0,19.6721,2.01662,0.5,0,12,1.66858,2.01662,1.1351,0.0222584,-0.000515696,1.13532,0,1101,1
19.6744,-0.373427,0,19.6779,0.925536,0.5,0,12,1.22416,-0.925536,1.13358,-0.024453,0.00835635,1.13387,0,1102,1
19.6817,-0.37261,0,19.6852,1.10055,0.5,0,12,1.04819,-1.09549,1.13675,-0.0226453,0.00566553,1.13699,0,1103,1
19.6744,0.373444,0,19.6779,1.8165,0.5,0,12,1.2572,1.8165,1.13217,0.0257162,0.00186926,1.13246,0,1104,1
19.6817,0.37264,0,19.6852,1.49206,0.5,0,12,0.923176,1.47329,1.13475,0.0298718,0.00380506,1.13515,0,1105,1
19.689,-0.371808,0,19.6925,1.36469,0.5,0,12.1473,0.836512,-1.30426,1.1428,-0.0213716,0.00363338,1.143,0,1106,1
19.689,0.371804,0,19.6925,1.43832,0.5,0,12.1491,1.02577,0.938854,1.14196,0.0309776,0.00388405,1.14239,0,1107,1
19.6964,-0.370848,0,19.6999,1.53572,0.5,0,12,0.348405,-1.20581,1.14889,-0.020702,0.00215048,1.14908,0,1108,1
19.6964,0.371061,0,19.6999,1.86583,0.5,0,12.1951,0.464815,0.320356,1.14713,0.0283261,0.00240516,1.14748,0,1109,1
19.7037,-0.369959,0,19.7072,1.4566,0.5,0,12,0.218618,-0.839497,1.15509,-0.0189839,0.00193201,1.15525,0,1110,1
19.7037,0.370667,0,19.7072,2.0545,0.5,0,12.2101,-0.115627,0.0846567,1.15146,0.0230799,0.00170655,1.15169,0,1111,1
19.711,-0.367915,0,19.7145,0.879205,0.5,0,12,0.321574,-0.252346,1.16242,-0.0152489,0.00248044,1.16253,0,1112,1
19.711,0.369742,0,19.7145,1.62392,0.5,0,12,-0.019905,0.0978473,1.1527,0.0193814,0.00189909,1.15286,0,1113,1
19.7184,0.369056,0,19.7218,1.3627,0.5,0,12,0.0357235,0.120405,1.15478,0.0160459,0.00109763,1.15489,0,1114,1
19.714,-0.366667,0,19.7174,0.486116,0.5,0,12,0.358986,-0.0076889,1.16587,-0.0140503,0.00252922,1.16596,0,1115,1
19.7257,0.368106,0,19.7291,0.97692,0.5,0,12,0.0387083,0.338507,1.15764,0.0133785,0.000355589,1.15772,0,1116,1
19.7184,-0.365603,0,19.7218,0.455431,0.5,0,11.8565,0.346369,-0.275067,1.16551,-0.0111791,0.00246672,1.16557,0,1117,1
19.7257,-0.364213,0,19.7291,0.899845,0.5,0,11.6687,0.322274,-0.819138,1.16354,-0.00921012,0.00185731,1.16358,0,1118,1
19.733,-0.364468,0,19.7364,1.11781,0.5,0,11.8147,0.150693,-1.11781,1.16137,-0.0124345,0.00045457,1.16144,0,1119,1
19.7292,0.3672,4.33681e-19,19.7326,0.796951,0.5,0,12,0.0248266,0.416916,1.15936,0.0132934,-0.000214903,1.15944,0,1120,1
19.7288,0.367373,4.33681e-19,19.7322,0.830606,0.5,0,12,0.0362476,0.418313,1.159,0.0133389,-0.000179505,1.15908,0,1121,1
19.7404,-0.36451,0,19.7437,1.0697,0.5,0,11.7983,0.112409,-1.0697,1.16034,-0.0177946,0.000114797,1.16048,0,1122,1
19.7312,0.366667,4.33681e-19,19.7346,0.689819,0.5,0,12,0.0162462,0.462469,1.16039,0.0132208,-0.00055261,1.16047,0,1123,1
19.733,0.366074,4.33681e-19,19.7364,0.66227,0.5,0,11.92,0.0448854,0.662263,1.16043,0.0128111,-0.00061127,1.1605,0,1124,1
19.7367,0.365317,4.33681e-19,19.7401,0.775113,0.5,0,11.8515,0.0651465,0.762369,1.15996,0.0140075,-0.000879671,1.16005,0,1125,1
19.7357,0.365516,4.33681e-19,19.7391,0.739414,0.5,0,11.8784,0.0575132,0.726692,1.16014,0.0137189,-0.000837975,1.16022,0,1126,1
19.7477,-0.364055,0,19.7511,0.646063,0.5,0,11.7797,0.409727,-0.613347,1.16151,-0.0217485,0.000353934,1.16171,0,1127,1
19.7404,0.364539,0,19.7437,0.877269,0.5,0,11.8104,0.0788389,0.840471,1.15964,0.0153135,-0.00126613,1.15974,0,1128,1
19.7477,0.364096,0,19.7511,0.649312,0.5,0,11.8254,0.303836,0.640055,1.16008,0.0180091,-0.000747598,1.16022,0,1129,1
19.755,-0.363756,0,19.7584,0.263235,0.5,0,11.7796,0.762323,-0.0491654,1.16475,-0.0209853,0.000647174,1.16494,0,1130,1
19.755,0.363737,0,19.7584,0.439694,0.5,0,11.7765,0.637093,0.396313,1.16297,0.0173373,-0.000478508,1.1631,0,1131,1
19.7624,-0.363398,0,19.7657,0.705233,0.5,0,12,0.729458,0.335534,1.17226,-0.0180048,0.00013914,1.17239,0,1132,1
19.7624,0.363394,0,19.7657,0.672883,0.5,0,12,0.849568,0.263571,1.17208,0.0182099,-0.000739734,1.17222,0,1133,1
19.7697,-0.363034,0,19.773,1.26342,0.5,0,12,0.157232,-0.0184356,1.17764,-0.015052,0.000262557,1.17773,0,1134,1
19.7697,0.362995,0,19.773,1.24264,0.5,0,12,0.548445,0.212001,1.17946,0.0169778,-0.00133449,1.17959,0,1135,1
19.777,-0.362226,0,19.7804,1.39983,0.5,0,12,-0.092305,-0.269274,1.18153,-0.014919,0.000300207,1.18163,0,1136,1
19.777,0.362137,0,19.7804,1.72881,0.5,0,12,0.190509,-0.113317,1.18689,0.0156826,-0.0014393,1.18699,0,1137,1
19.7844,-0.361352,0,19.7877,1.0471,0.5,0,12,0.394999,-0.0784157,1.18216,-0.0163686,0.000422321,1.18228,0,1138,1
19.7844,0.361261,0,19.7877,1.84806,0.5,0,12,0.446639,-0.5917,1.19118,0.0135977,-0.00147315,1.19126,0,1139,1
19.7917,-0.360451,0,19.795,0.937758,0.5,0,12,0.75062,0.552713,1.181,-0.0171479,0.000460466,1.18113,0,1140,1
19.7917,0.360362,0,19.795,1.64265,0.5,0,12,1.66879,-1.002,1.19181,0.0107741,-0.00117907,1.19186,0,1141,1
19.799,-0.359531,0,19.8023,1.16463,0.5,0,12,0.758721,1.11241,1.18116,-0.0163543,0.000657299,1.18127,0,1142,1
19.799,0.35944,0,19.8023,1.23741,0.5,0,12,2.96263,-1.07654,1.19086,0.00900291,-0.000110553,1.1909,0,1143,1
19.8004,0.359259,0,19.8037,1.18595,0.5,0,12,3.02186,-1.08577,1.19115,0.00904429,0.000135228,1.19118,0,1144,1
19.8012,-0.359259,0,19.8044,1.21522,0.5,0,12,0.811557,1.19004,1.18239,-0.0159578,0.000807354,1.1825,0,1145,1
19.8064,-0.358623,0,19.8096,1.18775,0.5,0,12,0.920488,1.12568,1.18496,-0.0150922,0.001216,1.18505,0,1146,1
19.8137,-0.357754,0,19.8169,0.983613,0.5,0,12,1.25161,0.925176,1.19289,-0.0135294,0.00173177,1.19297,0,1147,1
19.8064,0.358476,0,19.8096,0.901457,0.5,0,12,3.2029,-0.83618,1.19149,0.00936363,0.0012877,1.19153,0,1148,1
19.8137,0.35742,0,19.8169,0.827664,0.5,0,12,2.76751,-0.764893,1.19682,0.00925123,0.00216292,1.19686,0,1149,1
19.821,-0.35682,0,19.8243,0.802985,0.5,0,12,1.23737,0.621492,1.20297,-0.0114421,0.00205377,1.20302,0,1150,1
19.821,0.35632,0,19.8242,0.917329,0.5,0,12,2.39759,-0.833804,1.2058,0.00778771,0.00333605,1.20583,0,1151,1
19.8284,-0.356243,0,19.8316,0.990381,0.5,0,12.1789,0.915999,0.462389,1.21423,-0.00928427,0.00140225,1.21427,0,1152,1
19.8284,0.355161,0,19.8316,1.1359,0.5,0,12,1.56636,-1.00393,1.21508,0.00591814,0.00469654,1.2151,0,1153,1
19.8357,-0.354916,0,19.8389,1.28691,0.5,0,12,0.513133,0.605723,1.2192,-0.0101418,0.000782616,1.21924,0,1154,1
19.8357,0.353851,0,19.8389,1.64418,0.5,0,12,0.435969,-1.39561,1.2228,0.00335955,0.00460007,1.22281,0,1155,1
19.843,-0.353949,0,19.8462,1.71514,0.5,0,12,-0.133612,1.04793,1.22553,-0.00887042,6.26567e-06,1.22556,0,1156,1
19.8394,0.352964,0,19.8425,1.91125,0.5,0,12,0.104321,-1.69544,1.22603,0.00180949,0.00383168,1.22604,0,1157,1
19.8394,0.352959,0,19.8426,1.91506,0.5,0,12,0.0984739,-1.69815,1.22606,0.00178355,0.00382375,1.22607,0,1158,1
19.8504,-0.352922,0,19.8535,1.90355,0.5,0,12,-0.456371,1.30195,1.22912,-0.00691026,0.000473669,1.22914,0,1159,1
19.8504,0.351016,0,19.8535,1.82168,0.5,0,11.8871,-0.202102,-1.71172,1.2283,-0.00306047,0.000930471,1.22831,0,1160,1
19.8434,0.351852,0,19.8465,2.16196,0.5,0,12,-0.186312,-2.08683,1.22989,8.7868e-05,0.00265403,1.22989,0,1161,1
19.843,0.351905,0,19.8462,2.16531,0.5,0,12,-0.184216,-2.07946,1.22979,0.000238738,0.00273693,1.22979,0,1162,1
19.8569,-0.351852,0,19.86,1.56649,0.5,0,12,0.234998,1.4292,1.22888,-0.00850524,0.00117787,1.22891,0,1163,1
19.8543,0.350572,0,19.8574,1.54383,0.5,0,11.8477,0.137016,-1.43272,1.22593,-0.0026026,0.000611061,1.22593,0,1164,1
19.8535,0.350631,0,19.8566,1.58685,0.5,0,11.8557,0.0825731,-1.476,1.22643,-0.00272086,0.000696626,1.22643,0,1165,1
19.8577,0.350132,0,19.8608,1.29975,0.5,0,11.8257,0.444461,-1.18846,1.22398,-0.00222341,0.000317031,1.22398,0,1166,1
19.865,0.349396,0,19.8681,1.35466,0.5,0,11.8298,0.845233,-1.28977,1.21919,0.00246486,0.0011718,1.2192,0,1167,1
19.8577,-0.351719,0,19.8608,1.53499,0.5,0,12,0.319167,1.39905,1.22853,-0.00850977,0.00120954,1.22856,0,1168,1
19.865,-0.350387,0,19.8681,1.72709,0.5,0,12.1051,0.36141,1.62222,1.22549,-0.0126574,0.00104399,1.22556,0,1169,1
19.8724,-0.34934,0,19.8755,2.60707,0.5,0,12,-0.287029,2.586,1.22261,-0.0103745,0.00101586,1.22265,0,1170,1
19.8724,0.348927,0,19.8754,1.85497,0.5,0,11.7748,0.367088,-1.8376,1.21658,0.00382709,0.00131471,1.21659,0,1171,1
19.8797,-0.348746,0,19.8828,2.96171,0.5,0,12,-0.171397,2.95026,1.22194,-0.00659388,0.000802053,1.22196,0,1172,1
19.8797,0.348458,0,19.8828,2.65327,0.5,0,12,0.126,-2.65118,1.21655,0.00434788,0.00124059,1.21656,0,1173,1
19.8871,-0.347853,0,19.8901,3.21295,0.5,0,12,0.027152,3.18925,1.22282,-0.00426067,0.000655744,1.22283,0,1174,1
19.8871,0.347862,0,19.8901,2.9847,0.5,0,12,0.274689,-2.96906,1.21862,0.00247972,0.000392735,1.21862,0,1175,1
19.8944,-0.346779,0,19.8974,3.6872,0.5,0,12,-0.163432,3.6567,1.22358,-0.00149015,0.00074614,1.22358,0,1176,1
19.8944,0.346788,0,19.8974,3.52024,0.5,0,12,0.355302,-3.48818,1.22092,0.00109193,0.000152649,1.22092,0,1177,1
19.9017,-0.345673,0,19.9047,4.08022,0.5,0,12,0.0699494,4.05957,1.22183,0.000799191,0.000654446,1.22183,0,1178,1
19.9017,0.345675,0,19.9047,4.08009,0.5,0,12,0.603372,-4.05705,1.21968,4.11666e-05,-0.000105486,1.21968,0,1179,1
19.909,-0.344444,0,19.912,4.52463,0.5,0,12,0.528959,4.52463,1.21961,0.00040127,0.000301602,1.21961,0,1180,1
19.9056,0.345039,0,19.9086,4.42552,0.5,0,12,0.624234,-4.41442,1.21855,0.000485261,-0.000145969,1.21855,0,1181,1
19.9065,0.344903,0,19.9094,4.5004,0.5,0,12,0.627749,-4.4918,1.21835,0.000551905,-0.000266655,1.21835,0,1182,1
19.9091,-0.344439,0,19.912,4.52278,0.5,0,12,0.531925,4.52278,1.21959,0.000406162,0.000298731,1.21959,0,1183,1
19.9164,-0.343106,0,19.9193,4.43671,0.5,0,12,0.506132,4.43671,1.22056,0.000437798,0.000308679,1.22056,0,1184,1
19.9118,0.343988,0,19.9147,4.75002,0.5,0,12,0.596166,-4.75002,1.21832,0.000371288,-0.00040215,1.21832,0,1185,1
19.9092,0.344444,0,19.9122,4.75565,0.5,0,12,0.636289,-4.75565,1.21769,0.000822013,-0.000368166,1.21769,0,1186,1
19.9091,0.344478,0,19.912,4.73175,0.5,0,12,0.641521,-4.73111,1.21762,0.000834636,-0.000356416,1.21762,0,1187,1
19.9237,-0.342069,0,19.9267,4.74668,0.5,0,12,0.680441,4.74668,1.22542,0.00184538,0.000501888,1.22542,0,1188,1
19.9164,0.343159,0,19.9193,4.73998,0.5,0,12,0.523286,-4.73998,1.21948,-0.000440309,-0.000467258,1.21948,0,1189,1
19.9126,0.34385,0,19.9156,4.75486,0.5,0,12,0.589772,-4.75486,1.21854,0.00022488,-0.000433979,1.21854,0,1190,1
19.9237,0.342128,0,19.9267,5.0826,0.5,0,12.1412,0.804119,-5.0826,1.22789,-0.0030477,0.000105732,1.22789,0,1191,1
19.9311,-0.341125,0,19.934,4.92837,0.5,0,12,1.03234,4.92233,1.23167,0.00392889,0.000578182,1.23168,0,1192,1
19.9311,0.340931,0,19.934,4.85541,0.5,0,12,0.998056,-4.84874,1.23249,-0.00554495,0.000165715,1.2325,0,1193,1
19.9384,-0.339908,0,19.9413,5.25722,0.5,0,12,0.598665,5.23611,1.23666,0.00546403,0.000877226,1.23667,0,1194,1
19.9384,0.339887,0,19.9413,5.11121,0.5,0,12,0.675825,-5.08644,1.23887,-0.00752081,0.000180458,1.2389,0,1195,1
19.9457,-0.338642,0,19.9486,5.69522,0.5,0,12,0.341975,5.67566,1.238,0.00768254,0.00120397,1.23802,0,1196,1
19.9457,0.338623,0,19.9486,5.20194,0.5,0,12,1.00053,-5.17868,1.24108,-0.00873463,0.000255573,1.24111,0,1197,1
19.9531,-0.337298,0,19.9559,5.84737,0.5,0,12,1.1053,5.84387,1.23863,0.00871738,0.00107196,1.23866,0,1198,1
19.9531,0.337221,0,19.9559,5.25622,0.5,0,12,2.00442,-5.25334,1.24186,-0.0071669,0.000284638,1.24188,0,1199,1
19.9541,-0.337037,0,19.957,5.86091,0.5,0,12,1.24136,5.86091,1.23943,0.00874506,0.000916829,1.23946,0,1200,1
19.9538,0.337037,0,19.9566,5.29602,0.5,0,12,2.05235,-5.29602,1.24237,-0.0069916,0.000293087,1.24239,0,1201,1
19.9604,-0.335686,0,19.9632,4.69346,0.5,0,12,2.01269,4.69346,1.24617,0.00870977,0.000197677,1.2462,0,1202,1
19.9677,-0.334585,0,19.9705,4.03146,0.5,0,12.331,2.19498,4.03146,1.26406,0.00986701,-0.000286627,1.26409,0,1203,1
19.9604,0.335601,0,19.9632,4.40087,0.5,0,12,2.26197,-4.40087,1.24863,-0.00508995,0.000355302,1.24864,0,1204,1
19.9677,0.334496,0,19.9705,4.25102,0.5,0,12.1603,1.86573,-4.25102,1.26245,-0.00559885,0.000163097,1.26246,0,1205,1
19.9751,-0.333036,0,19.9778,3.62026,0.5,0,12,1.9773,3.61874,1.27268,0.00746182,5.64967e-05,1.2727,0,1206,1
19.9751,0.333148,0,19.9778,3.9817,0.5,0,12,1.27735,-3.98019,1.27042,-0.00690922,0.000209664,1.27044,0,1207,1
19.9824,-0.331782,0,19.9851,4.20945,0.5,0,12,0.774578,4.20373,1.28174,0.011017,-7.56928e-05,1.28179,0,1208,1
19.9824,0.332079,0,19.9852,3.88052,0.5,0,12,0.917931,-3.87459,1.27823,-0.00916103,0.000265258,1.27827,0,1209,1
19.9897,-0.32991,0,19.9924,4.33732,0.5,0,12,1.07999,4.33558,1.29121,0.0157738,0.000346977,1.29131,0,1210,1
19.9849,0.32963,0,19.9877,4.25323,0.5,0,12.3469,2.1211,-4.25323,1.2759,-0.0079479,0.000271051,1.27593,0,1211,1
19.9909,-0.32963,0,19.9936,4.33097,0.5,0,12,1.26324,4.33097,1.29314,0.0157906,0.000445276,1.29324,0,1212,1
19.9897,0.326677,0,19.9924,3.50636,0.5,0,12.6014,3.20372,-3.50636,1.27525,-0.00972287,0.000429945,1.27529,0,1213,1
19.9971,0.328643,0,19.9998,4.23317,0.5,0,12,1.40168,-4.23317,1.29447,-0.00702555,0.000384584,1.29449,0,1214,1
19.9971,-0.328367,0,19.9998,3.82874,0.5,0,12,2.22683,3.82874,1.30216,0.0166458,0.000816591,1.30227,0,1215,1
20.0044,-0.327035,0,20.0071,4.01556,0.5,0,12,1.34492,4.01407,1.3118,0.0199162,0.000439293,1.31195,0,1216,1
20.0044,0.326688,0,20.0071,4.83454,0.5,0,12,0.335294,-4.83454,1.29759,-0.0106206,-0.000270257,1.29764,0,1217,1
20.0117,-0.325467,0,20.0144,4.25777,0.5,0,12,0.288756,4.25306,1.31967,0.0268268,-0.000826555,1.31995,0,1218,1
20.0117,0.32559,0,20.0144,5.17831,0.5,0,12,-0.184064,-5.17732,1.30411,-0.016866,-0.000708905,1.30422,0,1219,1
20.0191,-0.323894,0,20.0217,4.11343,0.5,0,12,1.02856,4.10943,1.32389,0.0292677,-0.0015223,1.32421,0,1220,1
20.0191,0.323968,0,20.0217,5.41299,0.5,0,12,0.754046,-5.41059,1.30887,-0.0206346,-0.000548525,1.30903,0,1221,1
20.0257,-0.322222,0,20.0283,4.30735,0.5,0,12,2.03301,4.30735,1.32727,0.0260945,-0.00154345,1.32753,0,1222,1
20.0247,0.322222,0,20.0273,6.09227,0.5,0,12,1.28853,-6.09227,1.31397,-0.0198761,-0.000470912,1.31412,0,1223,1
20.0264,-0.322042,0,20.029,4.23196,0.5,0,12,2.12847,4.23196,1.32743,0.0258202,-0.00151007,1.32768,0,1224,1
20.0337,-0.320129,0,20.0363,4.51268,0.5,0,12,1.47259,4.51268,1.33166,0.022906,-0.00127128,1.33185,0,1225,1
20.0264,0.321658,0,20.029,5.90357,0.5,0,12,1.44922,-5.90357,1.31508,-0.0198543,-0.000411852,1.31523,0,1226,1
20.0337,0.320534,0,20.0363,8.04964,0.5,0,12.4253,-5.81977,-8.04964,1.31884,-0.0226062,-0.00126389,1.31903,0,1227,1
20.0411,-0.318328,0,20.0436,5.39437,0.5,0,12,0.0952366,5.39437,1.33619,0.0255908,-0.00104419,1.33644,0,1228,1
20.0411,0.318231,0,20.0436,5.80476,0.5,0,12,0.852616,-5.80476,1.32906,-0.0284392,-0.000238317,1.32937,0,1229,1
20.0484,-0.316238,0,20.0509,5.7054,0.5,0,12,0.755763,5.7054,1.34055,0.0294799,-0.00102816,1.34087,0,1230,1
20.0484,0.316708,0,20.0509,6.20012,0.5,0,12.1257,1.45691,-6.20012,1.33457,-0.0311993,-7.67885e-05,1.33493,0,1231,1
20.0557,-0.317896,0,20.0583,4.27692,0.5,0,12.584,7.70573,4.27692,1.35942,0.0301404,-0.000861659,1.35975,0,1232,1
20.0541,0.314815,0,20.0566,6.07708,0.5,0,12,2.55686,-6.07708,1.34491,-0.0320014,-2.22049e-05,1.34529,0,1233,1
20.0597,-0.314815,0,20.0622,5.31757,0.5,0,12.457,6.10454,5.31757,1.36567,0.0293663,-0.000633017,1.36599,0,1234,1
20.0557,0.314194,0,20.0582,5.87416,0.5,0,12,2.6107,-5.87416,1.34663,-0.032255,-8.32037e-06,1.34701,0,1235,1
20.0631,0.312261,0,20.0655,7.5913,0.5,0,12.6552,-0.411282,-7.5913,1.34484,-0.0297224,-0.000643628,1.34516,0,1236,1
20.0631,-0.311693,0,20.0655,5.73738,0.5,0,12,0.209927,5.73738,1.35867,0.029269,-0.000330872,1.35899,0,1237,1
20.0704,-0.310694,0,20.0728,7.18385,0.5,0,12.4436,-0.645296,7.18385,1.3579,0.0327296,0.000247275,1.3583,0,1238,1
20.0704,0.310941,0,20.0728,7.34042,0.5,0,12.477,-0.143831,-7.34042,1.34966,-0.0360661,-0.000125304,1.35014,0,1239,1
20.0777,-0.310357,0,20.0801,6.38766,0.5,0,12.3982,1.62978,6.38766,1.37185,0.0408111,0.000190386,1.37246,0,1240,1
20.0777,0.310328,0,20.0801,6.8616,0.5,0,12.3943,0.540795,-6.8616,1.36819,-0.0463499,-0.000507781,1.36897,0,1241,1
20.0843,-0.307407,0,20.0866,7.17052,0.5,0,12,2.18182,7.17052,1.3864,0.0408727,0.00102312,1.387,0,1242,1
20.0833,0.307407,0,20.0856,8.26113,0.5,0,12.326,0.177614,-8.26113,1.37467,-0.0469761,-0.00107461,1.37548,0,1243,1
20.0851,-0.306682,0,20.0874,7.09513,0.5,0,12,1.97833,7.09513,1.3862,0.0404561,0.00111044,1.3868,0,1244,1
20.0924,-0.303113,0,20.0947,7.54929,0.5,0,12,-0.827796,7.54929,1.38662,0.0451716,0.00157554,1.38736,0,1245,1
20.0851,0.305763,0,20.0874,7.9879,0.5,0,12.3387,0.0754293,-7.9879,1.37398,-0.0460914,-0.00130306,1.37475,0,1246,1
20.0924,0.302993,0,20.0947,7.17498,0.5,0,12,0.319965,-7.17498,1.38326,-0.0505335,-0.00136749,1.38418,0,1247,1
20.0997,-0.300654,0,20.102,7.76179,0.5,0,12,0.636991,7.76179,1.39632,0.0506999,0.00135151,1.39724,0,1248,1
20.0997,0.300463,0,20.102,7.28749,0.5,0,12,1.6898,-7.28749,1.39339,-0.0549958,-0.00149218,1.39447,0,1249,1
20.1014,-0.3,0,20.1036,7.94799,0.5,0,12,0.66455,7.94799,1.39938,0.0512602,0.00126586,1.40032,0,1250,1
20.101,0.3,0,20.1032,7.69219,0.5,0,12.1677,2.39717,-7.69219,1.3948,-0.0534202,-0.0014758,1.39582,0,1251,1
20.1071,-0.29788,0,20.1093,7.75838,0.5,0,12,-0.170806,7.75838,1.4074,0.0533598,0.000893846,1.40841,0,1252,1
20.1144,-0.295222,0,20.1166,8.48228,0.5,0,12,-2.26809,8.48228,1.41257,0.0618157,0.00086294,1.41393,0,1253,1
20.1071,0.298077,0,20.1093,8.41693,0.5,0,12.7405,4.03138,-8.41693,1.40048,-0.0485709,-0.00129969,1.40132,0,1254,1
20.1144,0.295122,0,20.1166,7.60587,0.5,0,12,0.288652,-7.60587,1.41014,-0.0636631,-0.000926517,1.41158,0,1255,1
20.1207,-0.292593,0,20.1229,9.34911,0.5,0,12,-1.58277,9.34911,1.41805,0.0658562,0.000911146,1.41958,0,1256,1
20.1213,0.292593,0,20.1234,8.76669,0.5,0,12,0.808158,-8.76669,1.4189,-0.0634114,-0.000643074,1.42032,0,1257,1
20.1217,-0.292153,0,20.1239,9.18105,0.5,0,12,-1.27605,9.18105,1.41846,0.0664874,0.000896916,1.42002,0,1258,1
20.1291,-0.289697,0,20.1312,9.04759,0.5,0,12,-4.46942,9.04759,1.4267,0.0730534,0.000673386,1.42857,0,1259,1
20.1217,0.292389,0,20.1239,8.71705,0.5,0,12,0.863928,-8.71705,1.41927,-0.0633783,-0.000633356,1.42069,0,1260,1
20.1291,0.289354,0,20.1312,9.78979,0.5,0,12.2502,-4.48414,-9.78979,1.41843,-0.0641177,-0.000998351,1.41988,0,1261,1
20.1364,-0.287702,0,20.1385,9.96255,0.5,0,12.3398,-4.09099,9.96255,1.43074,0.0875192,0.000352727,1.43341,0,1262,1
20.1364,0.286779,0,20.1384,9.94605,0.5,0,13,5.56433,-9.94605,1.43569,-0.0938329,-0.00039777,1.43876,0,1263,1
20.1422,-0.285185,0,20.1442,9.03246,0.5,0,12,0.537665,9.03246,1.44811,0.0935626,2.07181e-06,1.45113,0,1264,1
20.1395,0.285185,0,20.1415,9.53024,0.5,0,12.8262,7.35487,-9.53024,1.4415,-0.0930918,-0.000272831,1.4445,0,1265,1
20.1437,-0.284032,0,20.1457,8.75478,0.5,0,12,1.25977,8.75478,1.44916,0.0950228,4.61195e-05,1.45227,0,1266,1
20.1511,-0.279996,0,20.153,9.16878,0.5,0,12.1461,0.774455,9.16878,1.44782,0.099395,0.000815583,1.45123,0,1267,1
20.1437,0.282618,0,20.1457,9.19985,0.5,0,12.3614,-0.190653,-9.19985,1.44067,-0.0884023,0.000155305,1.44338,0,1268,1
20.1511,0.27988,0,20.153,9.34016,0.5,0,12,-2.39408,-9.34016,1.44961,-0.0987651,-7.60823e-05,1.45298,0,1269,1
20.1561,-0.277778,0,20.158,10.0666,0.5,0,12.3324,0.235255,10.0666,1.45391,0.102923,0.000932795,1.45755,0,1270,1
20.1566,0.277778,0,20.1585,11.6434,0.5,0,12.7476,-1.32682,-11.6434,1.44878,-0.100879,-0.00124166,1.45229,0,1271,1
20.1584,-0.276636,0,20.1603,9.88437,0.5,0,12.4308,0.453575,9.88437,1.45512,0.103902,0.000788386,1.45882,0,1272,1
20.1657,-0.272938,0,20.1676,9.49798,0.5,0,12.6667,3.39926,9.49798,1.46241,0.109899,7.17742e-05,1.46653,0,1273,1
20.1584,0.277125,0,20.1603,11.7094,0.5,0,12.9119,-0.475423,-11.7094,1.44928,-0.102011,-0.00145381,1.45287,0,1274,1
20.1657,0.273676,0,20.1676,9.47289,0.5,0,12.4463,0.853459,-9.47289,1.45744,-0.106414,-0.00157404,1.46132,0,1275,1
20.1706,-0.27037,0,20.1724,9.80304,0.5,0,12.791,3.665,9.80304,1.47434,0.109949,-0.000443028,1.47843,0,1276,1
20.1711,0.27037,0,20.1729,10.5845,0.5,0,12.7249,0.262848,-10.5845,1.47231,-0.107085,-0.00176273,1.4762,0,1277,1
20.1731,-0.268858,0,20.1749,10.2175,0.5,0,12.7958,-0.460942,10.2175,1.47071,0.111584,-0.000129697,1.47494,0,1278,1
20.1804,-0.266084,0,20.1822,11.2687,0.5,0,12.4213,-10.4327,11.2687,1.47009,0.134916,0.000371712,1.47627,0,1279,1
20.1731,0.268722,0,20.1749,11.0934,0.5,0,12.7775,-2.41958,-11.0934,1.46944,-0.109158,-0.00158729,1.47349,0,1280,1
20.1804,0.266088,0,20.1822,12.1281,0.5,0,12.4219,-13.8352,-12.1281,1.4699,-0.135587,-0.00110228,1.47614,0,1281,1
20.1852,-0.262963,0,20.187,10.7252,0.5,0,12.2631,0.518915,10.7252,1.47477,0.143496,0.000288221,1.48174,0,1282,1
20.1854,0.262963,0,20.1871,11.2695,0.5,0,12.2787,-1.13127,-11.2695,1.47412,-0.147239,-0.000347007,1.48145,0,1283,1
20.1877,-0.260629,0,20.1894,10.1382,0.5,0,12.2824,3.19967,10.1382,1.47796,0.141792,0.000322811,1.48474,0,1284,1
20.1951,-0.25594,0,20.1967,10.371,0.5,0,13,6.5045,10.371,1.49791,0.155429,-8.50877e-05,1.50595,0,1285,1
20.1877,0.260846,0,20.1894,10.6158,0.5,0,12.2982,2.28863,-10.6158,1.47541,-0.148204,-0.000256169,1.48284,0,1286,1
20.1951,0.257779,0,20.1967,10.5079,0.5,0,12.3001,3.91913,-10.5079,1.48693,-0.154029,-0.000944652,1.49488,0,1287,1
20.1956,-0.255556,0,20.1973,10.3404,0.5,0,12.9229,5.99432,10.3404,1.49969,0.156933,-4.78231e-05,1.50787,0,1288,1
20.1987,0.255556,0,20.2003,10.3798,0.5,0,12,2.46191,-10.3798,1.49948,-0.161821,-0.000953436,1.50818,0,1289,1
20.2024,-0.250838,0,20.204,10.4942,0.5,0,12,-2.85988,10.4942,1.49748,0.168092,0.000847888,1.50689,0,1290,1
20.2074,-0.248148,0,20.2089,10.8032,0.5,0,12,-1.75045,10.8032,1.50313,0.173407,0.000539007,1.5131,0,1291,1
20.2024,0.251823,0,20.204,10.3347,0.5,0,12,0.441143,-10.3347,1.49876,-0.167493,-0.000331786,1.50809,0,1292,1
20.2078,0.248148,0,20.2093,11.8803,0.5,0,12.3721,1.20569,-11.8803,1.49836,-0.170846,-0.000347102,1.50807,0,1293,1
20.2097,-0.246742,0,20.2113,10.6256,0.5,0,12,-1.25462,10.6256,1.5077,0.175304,0.000363487,1.51786,0,1294,1
20.2171,-0.242934,0,20.2185,12.1651,0.5,0,12.2961,-9.62056,12.1651,1.5164,0.187229,0.000856874,1.52791,0,1295,1
20.2097,0.246996,0,20.2113,11.9884,0.5,0,12.4275,0.738399,-11.9884,1.50109,-0.172199,-0.000516087,1.51094,0,1296,1
20.2171,0.243201,0,20.2185,12.2564,0.5,0,12.3321,-9.68748,-12.2564,1.51387,-0.189723,-0.000952316,1.52571,0,1297,1
20.2194,-0.240741,0,20.2208,12.0818,0.5,0,12.3147,-10.409,12.0818,1.51541,0.191869,0.0013114,1.52751,0,1298,1
20.2196,0.240741,0,20.2211,11.8564,0.5,0,12.3495,-9.81662,-11.8564,1.51273,-0.194796,-0.00115207,1.52522,0,1299,1
20.2244,-0.236315,0,20.2258,11.0137,0.5,0,12.4026,-5.81747,11.0137,1.50593,0.20911,0.00118309,1.52038,0,1300,1
20.2277,-0.233333,0,20.2291,11.0364,0.5,0,12.4544,0.0455963,11.0364,1.50192,0.210839,0.000957275,1.51664,0,1301,1
20.2244,0.236414,0,20.2258,10.9967,0.5,0,12.4159,-5.60341,-10.9967,1.50296,-0.209653,8.40345e-05,1.51752,0,1302,1
20.228,0.233333,0,20.2293,11.7129,0.5,0,12.4823,-1.70121,-11.7129,1.50055,-0.212471,0.00059109,1.51552,0,1303,1
20.2317,-0.229703,0,20.2331,10.1043,0.5,0,13,9.01133,10.1043,1.51669,0.214268,0.00151113,1.53176,0,1304,1
20.2372,-0.225926,0,20.2385,11.1754,0.5,0,13,-7.32468,11.1754,1.52709,0.227007,0.00156842,1.54387,0,1305,1
20.2317,0.229922,0,20.2331,10.7965,0.5,0,13,6.88497,-10.7965,1.5123,-0.216976,0.000270714,1.52779,0,1306,1
20.2376,0.225926,0,20.2389,11.2219,0.5,0,13,-9.75079,-11.2219,1.52153,-0.22968,0.000537574,1.53877,0,1307,1
20.2391,-0.223986,0,20.2403,11.4461,0.5,0,12.7381,-10.1317,11.4461,1.51829,0.231965,0.000696215,1.53591,0,1308,1
20.2452,-0.218519,0,20.2464,9.29104,0.5,0,12.4026,4.53871,9.29104,1.51805,0.24738,-0.000373388,1.53808,0,1309,1
20.2391,0.224342,0,20.2403,11.2305,0.5,0,12.7862,-11.7135,-11.2305,1.51448,-0.233718,5.20347e-05,1.53241,0,1310,1
20.2454,0.218519,0,20.2466,10.2692,0.5,0,12.8627,11.3504,-10.2692,1.51443,-0.239706,-0.00130264,1.53329,0,1311,1
20.2464,-0.217142,0,20.2476,9.10504,0.5,0,12.3933,5.33349,9.10504,1.52122,0.249239,-0.000376832,1.5415,0,1312,1
20.2527,-0.211111,0,20.2538,9.60303,0.5,0,12.438,-2.88736,9.60303,1.52713,0.259842,-0.00130392,1.54908,0,1313,1
20.2464,0.217482,0,20.2476,10.0926,0.5,0,12.86,11.8988,-10.0926,1.51707,-0.240789,-0.00109842,1.53606,0,1314,1
20.2534,0.211111,0,20.2545,10.9581,0.5,0,12.9582,-10.8958,-10.9581,1.51924,-0.265005,-0.000706195,1.54218,0,1315,1
20.2537,-0.210114,0,20.2548,9.73621,0.5,0,12.4388,-4.41,9.73621,1.52656,0.262553,-0.00120706,1.54897,0,1316,1
20.2593,-0.203704,0,20.2603,9.21916,0.5,0,12.7531,-0.159546,9.21916,1.5071,0.277453,-0.000683875,1.53243,0,1317,1
20.2537,0.210812,0,20.2548,10.9897,0.5,0,12.9596,-11.1993,-10.9897,1.51918,-0.265775,-0.000705073,1.54225,0,1318,1
20.2599,0.203704,0,20.2609,8.31767,0.5,0,12.8412,0.728276,-8.31767,1.50693,-0.278988,-0.0014819,1.53254,0,1319,1
20.2611,-0.202202,0,20.2621,8.39117,0.5,0,13,2.80531,8.39117,1.50952,0.282702,-0.000729398,1.53576,0,1320,1
20.2665,-0.196296,0,20.2674,7.89899,0.5,0,13,-3.3593,7.89899,1.50561,0.289025,0.00104819,1.5331,0,1321,1
20.2611,0.202677,0,20.2621,7.87702,0.5,0,13,1.79725,-7.87702,1.50909,-0.283258,-0.00157575,1.53545,0,1322,1
20.2667,0.196296,0,20.2676,5.99402,0.5,0,13,2.23901,-5.99402,1.50573,-0.286399,-0.00170457,1.53272,0,1323,1
20.2684,-0.194001,0,20.2693,8.08469,0.5,0,12.6901,-5.0023,8.08469,1.49953,0.294621,0.00102068,1.5282,0,1324,1
20.2718,-0.188889,0,20.2727,6.099,0.5,0,12.4671,2.33152,6.099,1.48753,0.298064,0.00100692,1.5171,0,1325,1
20.2684,0.194231,0,20.2694,6.24707,0.5,0,12.7212,1.76611,-6.24707,1.50166,-0.289186,-0.00181132,1.52925,0,1326,1
20.2719,0.188889,0,20.2728,6.08435,0.5,0,12.4752,2.85499,-6.08435,1.49192,-0.292791,-0.00203524,1.52038,0,1327,1
20.2758,-0.18433,0,20.2766,4.58529,0.5,0,12.7067,5.36221,4.58529,1.48865,0.303729,0.00153207,1.51932,0,1328,1
20.2784,-0.181481,0,20.2792,4.05908,0.5,0,12.6824,6.41719,4.05908,1.48721,0.303867,0.00104097,1.51794,0,1329,1
20.2758,0.184221,0,20.2766,5.26457,0.5,0,13,2.803,-5.26457,1.49296,-0.300903,-0.00186647,1.52299,0,1330,1
20.2784,0.181481,0,20.2792,4.70175,0.5,0,13,4.15641,-4.70175,1.49049,-0.303021,-0.00167593,1.52099,0,1331,1
20.2831,-0.175659,0,20.2838,3.78186,0.5,0,12.2139,5.53718,3.78186,1.48501,0.305707,0.00029197,1.51615,0,1332,1
20.2831,0.175776,0,20.2838,3.81854,0.5,0,12.2297,5.7862,-3.81854,1.48637,-0.304244,-0.000265347,1.51718,0,1333,1
20.2849,-0.174074,0,20.2857,3.62254,0.5,0,12,4.84832,3.62254,1.48631,0.305822,0.000229463,1.51745,0,1334,1
20.2849,0.174074,0,20.2857,3.56375,0.5,0,12,5.31779,-3.56375,1.48768,-0.304057,3.51776e-05,1.51843,0,1335,1
20.2904,-0.16296,0,20.2911,2.83596,0.5,0,12.1779,7.27629,2.83596,1.46505,0.309911,0.000125048,1.49747,0,1336,1
20.2931,-0.159259,0,20.2937,2.28722,0.5,0,12.2683,7.87671,2.28722,1.45971,0.307202,-8.94692e-06,1.49169,0,1337,1
20.288,-0.166667,0,20.2887,3.60339,0.5,0,12.141,4.94628,3.60339,1.47279,0.308126,0.00103041,1.50468,0,1338,1
20.2904,0.163928,0,20.2911,2.8126,0.5,0,12.3697,7.21821,-2.8126,1.47148,-0.308718,8.36859e-05,1.50352,0,1339,1
20.288,0.166667,0,20.2887,3.5224,0.5,0,12.1443,5.31537,-3.5224,1.47533,-0.307348,0.000700227,1.50701,0,1340,1
20.2938,0.159259,0,20.2945,2.29529,0.5,0,12.5333,7.74764,-2.29529,1.46547,-0.305605,-2.69411e-06,1.497,0,1341,1
20.2978,-0.150302,0,20.2983,1.84397,0.5,0,12,8.08665,1.84397,1.44936,0.304218,0.000414138,1.48095,0,1342,1
20.3001,-0.144444,0,20.3006,1.82187,0.5,0,12.3232,8.54082,1.53266,1.43934,0.302653,0.000582244,1.47082,0,1343,1
20.2966,-0.151852,0,20.2972,1.90421,0.5,0,12,8.00386,1.90421,1.45036,0.304118,0.000247564,1.4819,0,1344,1
20.2978,0.150173,0,20.2983,2.13585,0.5,0,12,7.80847,-2.13585,1.44944,-0.304717,0.00039755,1.48112,0,1345,1
20.2965,0.151852,0,20.2971,2.25474,0.5,0,12,7.7575,-2.25474,1.45069,-0.304267,0.00051001,1.48226,0,1346,1
20.3002,0.144444,0,20.3007,1.92704,0.5,0,12.3301,8.12063,-1.53597,1.43896,-0.303234,0.000439319,1.47056,0,1347,1
20.3051,-0.133977,0,20.3055,0.981846,0.5,0,12.5869,8.98188,0.739122,1.42304,0.29773,0.000173836,1.45385,0,1348,1
20.3085,-0.12963,0,20.3089,1.22814,0.5,0,12,8.29432,1.22814,1.41602,0.290435,-0.000312674,1.4455,0,1349,1
20.3031,-0.137037,0,20.3035,1.31683,0.5,0,12.7269,9.10313,1.01694,1.42806,0.299975,0.000308215,1.45922,0,1350,1
20.3051,0.133957,0,20.3055,0.953145,0.5,0,12.5842,8.30897,-0.323433,1.42418,-0.296483,-2.24925e-05,1.45471,0,1351,1
20.3031,0.137037,0,20.3036,1.40332,0.5,0,12.7298,8.32635,-0.629633,1.42809,-0.299446,0.000136295,1.45915,0,1352,1
20.3085,0.12963,0,20.3089,0.970879,0.5,0,12,7.68478,-0.932856,1.4192,-0.288384,-0.000539996,1.44821,0,1353,1
20.3124,0.118353,0,20.3128,0.750001,0.5,0,12,6.93042,-0.299989,1.40028,-0.277024,-0.000716682,1.42742,0,1354,1
20.3108,0.122222,0,20.3111,0.957454,0.5,0,12,7.03538,-0.825835,1.40667,-0.281439,-0.000461363,1.43455,0,1355,1
20.314,0.114815,0,20.3143,0.901673,0.5,0,12,6.80112,0.031817,1.39498,-0.271158,-0.000854797,1.42109,0,1356,1
20.3124,-0.118409,0,20.3128,0.967651,0.5,0,12,7.33963,0.608088,1.3949,0.280308,-0.000676295,1.42278,0,1357,1
20.314,-0.114815,0,20.3143,1.04741,0.5,0,12,7.17753,0.271378,1.38857,0.274303,-0.000627341,1.4154,0,1358,1
20.3108,-0.122222,0,20.3112,1.2187,0.5,0,12,7.48392,1.11747,1.40245,0.284388,-0.000636528,1.43099,0,1359,1
20.3198,0.0968071,0,20.32,0.753332,0.5,0,12,6.60826,-0.304272,1.37535,-0.235461,-0.000554043,1.39536,0,1360,1
20.3187,0.1,0,20.319,0.785941,0.5,0,12,6.5039,-0.131725,1.37984,-0.241499,-0.000701619,1.40081,0,1361,1
20.3165,0.107407,0,20.3168,1.14986,0.5,0,12,6.46651,0.407819,1.38794,-0.256367,-0.000756268,1.41142,0,1362,1
20.3211,0.0925926,0,20.3213,0.812287,0.5,0,12,6.71165,-0.676353,1.36798,-0.227746,-0.000306224,1.38681,0,1363,1
20.3198,-0.0973649,0,20.32,0.575629,0.5,0,12.5,7.73329,0.0305203,1.36766,0.236493,-0.000178765,1.38795,0,1364,1
20.3218,-0.0925926,0,20.322,0.65314,0.5,0,12.3549,7.74736,0.175618,1.36102,0.224912,-0.000260496,1.37948,0,1365,1
20.3183,-0.1,0,20.3186,0.805064,0.5,0,12.34,7.20794,0.149635,1.3701,0.243653,6.47335e-05,1.3916,0,1366,1
20.3166,-0.107407,0,20.3169,1.14155,0.5,0,12,6.86463,-0.291989,1.37998,0.259072,-0.000421501,1.40409,0,1367,1
20.3257,0.0734152,0,20.3259,0.637593,0.5,0,12.3034,7.03676,-0.12451,1.34136,-0.187054,0.001031,1.35434,0,1368,1
20.3238,0.0777778,0,20.324,0.957335,0.5,0,12.7272,7.11923,-0.509693,1.34059,-0.199564,0.00187532,1.35537,0,1369,1
20.3258,0.0733193,0,20.3259,0.631228,0.5,0,12.2904,7.03433,-0.120659,1.34135,-0.186775,0.00100171,1.35429,0,1370,1
20.3234,0.0851852,0,20.3236,0.6225,0.5,0,12.2289,6.85094,-0.269964,1.36062,-0.211937,0.000870193,1.37703,0,1371,1
20.3271,-0.0682664,0,20.3272,0.580606,0.5,0,12.284,8.08333,0.0553946,1.33536,0.170477,0.000557513,1.3462,0,1372,1
20.329,-0.062963,0,20.3291,0.675225,0.5,0,12.739,8.69588,-0.673297,1.33435,0.156345,-0.000394218,1.34348,0,1373,1
20.3262,-0.0703704,0,20.3263,0.688756,0.5,0,12,7.67413,0.555793,1.33454,0.1763,0.000969782,1.34614,0,1374,1
20.3247,-0.0777778,0,20.3248,0.543128,0.5,0,12.6554,7.42599,-0.171875,1.3468,0.192949,-0.000212768,1.36055,0,1375,1
20.3229,-0.0851852,0,20.3231,1.04126,0.5,0,12,7.18051,-0.203254,1.3514,0.211612,-0.000310332,1.36786,0,1376,1
20.3271,0.0703778,0,20.3272,0.413615,0.5,0,12.001,6.97634,0.136811,1.3419,-0.178321,0.000428822,1.3537,0,1377,1
20.3271,0.0703704,0,20.3272,0.413645,0.5,0,12,6.97544,0.136823,1.34192,-0.178293,0.000427649,1.35371,0,1378,1
20.3276,0.0673678,0,20.3277,0.510036,0.5,0,12,6.97413,0.0413605,1.3396,-0.17261,0.000446981,1.35067,0,1379,1
20.3337,-0.0037037,0,20.3337,0.197667,0.5,0,12,8.43584,0.167425,1.30977,0.0106669,-0.00102305,1.30981,0,1380,1
20.333,0.0037037,0,20.333,0.233379,0.5,0,11.8857,8.22226,0.220831,1.30606,-0.0106913,0.000624989,1.30611,0,1381,1
20.3329,0.0111111,0,20.3329,0.319779,0.5,0,11.88,8.22998,0.291658,1.30561,-0.0296042,0.00116914,1.30595,0,1382,1
20.333,0.0185185,0,20.333,0.358637,0.5,0,12,8.65477,0.239273,1.30708,-0.0514235,-0.000225834,1.30809,0,1383,1
20.3331,-0.0111111,0,20.3331,0.251131,0.5,0,12.3504,8.39284,-0.121442,1.30771,0.0312998,-0.000770834,1.30809,0,1384,1
20.3328,0.0259259,0,20.3329,0.36678,0.5,0,12,8.57175,-0.0970981,1.30939,-0.0702158,-0.000883494,1.31127,0,1385,1
20.3335,-0.0185185,0,20.3335,0.198169,0.5,0,12,8.47119,0.0255793,1.31126,0.0518652,-0.0011372,1.31229,0,1386,1
20.3323,0.0333333,0,20.3323,0.410056,0.5,0,12,8.00646,-0.131069,1.31438,-0.08921,-0.000921553,1.31741,0,1387,1
20.3328,-0.0259259,0,20.3329,0.313615,0.5,0,12,8.23797,0.15876,1.31324,0.0708354,-0.00115022,1.31515,0,1388,1
20.3314,0.0407407,0,20.3314,0.583454,0.5,0,12,7.76536,0.101158,1.31693,-0.107635,0.000499966,1.32133,0,1389,1
20.3321,-0.0333333,0,20.3321,0.453481,0.5,0,12,8.00481,0.123519,1.31606,0.0894879,-0.00141132,1.3191,0,1390,1
20.3308,0.0481481,0,20.3309,0.657352,0.5,0,12.2251,7.70875,0.0442835,1.32561,-0.125698,0.0011702,1.33156,0,1391,1
20.3317,-0.0407407,0,20.3317,0.492826,0.5,0,12.1671,7.97089,-0.21575,1.32302,0.107632,-0.00186343,1.32739,0,1392,1
20.3299,0.0555556,0,20.33,0.698836,0.5,0,12.27,7.07888,-0.221869,1.32926,-0.145801,0.000775487,1.33724,0,1393,1
20.3306,-0.0481481,0,20.3307,0.610106,0.5,0,12,7.95255,-0.335408,1.32314,0.12612,-0.00181003,1.32914,0,1394,1
20.3282,0.062963,0,20.3283,0.650963,0.5,0,12,6.97365,-0.100521,1.33619,-0.164299,0.000487363,1.34625,0,1395,1
20.3298,-0.0555556,0,20.3299,0.557058,0.5,0,12,8.0204,-0.380022,1.32606,0.142079,-0.0011931,1.33365,0,1396,1
20.3276,0.0672704,0,20.3277,0.513603,0.5,0,12,6.97431,0.0369232,1.33952,-0.172437,0.000450388,1.35057,0,1397,1
